1 5 7 31 15 5263 555 1 1 0 1 
2 5 7 31 15 6064 625 1 1 0 1 
3 5 7 31 15 8314 821 1 1 0 1 
4 5 7 31 15 13995 1498 1 1 0 1 
5 5 7 31 15 4822 559 1 1 0 1 
6 5 7 31 15 5651 589 1 1 0 1 
7 5 7 31 15 15344 1414 1 1 0 1 
8 5 7 31 15 8492 833 1 1 0 1 
9 5 7 31 15 8565 687 1 1 0 1 
10 5 7 31 15 7185 681 1 1 0 1 
11 5 7 31 15 10457 1236 1 1 0 1 
12 5 7 31 15 8959 962 1 1 0 1 
13 5 7 31 15 8821 568 1 1 0 0 
14 5 7 31 15 6544 710 1 1 0 1 
15 5 7 31 15 9191 766 1 1 0 1 
16 5 7 31 15 10231 979 1 1 0 1 
17 5 7 31 15 8430 946 1 1 0 1 
18 5 7 31 15 10071 936 1 1 0 1 
19 5 7 31 15 8234 718 1 1 0 1 
20 5 7 31 15 9593 974 1 1 0 0 
21 5 7 31 15 9515 682 1 1 0 1 
22 5 7 31 15 6566 633 1 1 0 0 
23 5 7 31 15 7273 560 1 1 0 1 
24 5 7 31 15 14190 1082 1 1 0 1 
25 5 7 31 15 14180 1586 1 1 0 1 
26 5 7 31 15 7818 611 1 1 0 1 
27 5 7 31 15 13213 1263 1 1 0 1 
28 5 7 31 15 7301 663 1 1 0 1 
29 5 7 31 15 9411 737 1 1 0 1 
30 5 7 31 15 4776 625 1 1 0 1 
31 5 7 31 15 7248 645 1 1 0 1 
32 5 7 31 15 6395 635 1 1 0 0 
33 5 7 31 15 10789 915 1 1 0 1 
34 5 7 31 15 11144 1162 1 1 0 1 
35 5 7 31 15 12412 777 1 1 0 1 
36 5 7 31 15 12422 1251 1 1 0 0 
37 5 7 31 15 9091 888 1 1 0 1 
38 5 7 31 15 7434 608 1 1 0 1 
39 5 7 31 15 8336 929 1 1 0 1 
40 5 7 31 15 5464 678 1 1 0 1 
41 5 7 31 15 6938 494 1 1 0 0 
42 5 7 31 15 11946 1235 1 1 0 1 
43 5 7 31 15 8096 683 1 1 0 1 
44 5 7 31 15 6670 665 1 1 0 1 
45 5 7 31 15 6301 442 1 1 0 1 
46 5 7 31 15 7628 775 1 1 0 0 
47 5 7 31 15 9379 1021 1 1 0 1 
48 5 7 31 15 3874 390 1 1 0 1 
49 5 7 31 15 10310 666 1 1 0 1 
50 5 7 31 15 5729 441 1 1 0 1 
51 5 7 31 15 9198 610 1 1 0 0 
52 5 7 31 15 8031 527 1 1 0 0 
53 5 7 31 15 7540 690 1 1 0 1 
54 5 7 31 15 10732 889 1 1 0 1 
55 5 7 31 15 6096 673 1 1 0 1 
56 5 7 31 15 10022 619 1 1 0 1 
57 5 7 31 15 11594 1025 1 1 0 1 
58 5 7 31 15 8581 603 1 1 0 0 
59 5 7 31 15 7148 628 1 1 0 1 
60 5 7 31 15 9762 776 1 1 0 1 
61 5 7 31 15 5572 665 1 1 0 1 
62 5 7 31 15 7495 772 1 1 0 1 
63 5 7 31 15 11525 846 1 1 0 1 
64 5 7 31 15 13251 935 1 1 0 1 
65 5 7 31 15 7156 561 1 1 0 1 
66 5 7 31 15 8306 636 1 1 0 1 
67 5 7 31 15 11035 912 1 1 0 1 
68 5 7 31 15 11187 1341 1 1 0 1 
69 5 7 31 15 11204 1371 1 1 0 1 
70 5 7 31 15 8613 741 1 1 0 1 
71 5 7 31 15 11545 869 1 1 0 1 
72 5 7 31 15 5251 520 1 1 0 0 
73 5 7 31 15 6026 537 1 1 0 1 
74 5 7 31 15 7518 929 1 1 0 1 
75 5 7 31 15 7444 807 1 1 0 1 
76 5 7 31 15 12887 1228 1 1 0 0 
77 5 7 31 15 10335 780 1 1 0 1 
78 5 7 31 15 5712 610 1 1 0 1 
79 5 7 31 15 7150 643 1 1 0 1 
80 5 7 31 15 9810 675 1 1 0 1 
81 5 7 31 15 9279 640 1 1 0 0 
82 5 7 31 15 11492 1035 1 1 0 1 
83 5 7 31 15 3866 327 1 1 0 1 
84 5 7 31 15 14949 1439 1 1 0 1 
85 5 7 31 15 7791 971 1 1 0 1 
86 5 7 31 15 5572 678 1 1 0 1 
87 5 7 31 15 6379 715 1 1 0 1 
88 5 7 31 15 7863 776 1 1 0 1 
89 5 7 31 15 7295 716 1 1 0 0 
90 5 7 31 15 11495 1295 1 1 0 1 
91 5 7 31 15 6164 554 1 1 0 1 
92 5 7 31 15 8227 701 1 1 0 1 
93 5 7 31 15 6548 715 1 1 0 1 
94 5 7 31 15 8372 694 1 1 0 1 
95 5 7 31 15 8445 920 1 1 0 1 
96 5 7 31 15 6370 612 1 1 0 1 
97 5 7 31 15 8380 802 1 1 0 1 
98 5 7 31 15 7012 512 1 1 0 1 
99 5 7 31 15 6571 507 1 1 0 0 
100 5 7 31 15 10280 764 1 1 0 0 
101 5 7 31 15 11075 915 1 1 0 1 
102 5 7 31 15 12602 1414 1 1 0 1 
103 5 7 31 15 5425 453 1 1 0 1 
104 5 7 31 15 10483 1223 1 1 0 1 
105 5 7 31 15 6456 595 1 1 0 1 
106 5 7 31 15 10845 958 1 1 0 1 
107 5 7 31 15 9194 1021 1 1 0 1 
108 5 7 31 15 14927 992 1 1 0 0 
109 5 7 31 15 9013 864 1 1 0 1 
110 5 7 31 15 6058 745 1 1 0 1 
111 5 7 31 15 8897 698 1 1 0 1 
112 5 7 31 15 7834 817 1 1 0 1 
113 5 7 31 15 8453 735 1 1 0 0 
114 5 7 31 15 5750 620 1 1 0 1 
115 5 7 31 15 9716 674 1 1 0 0 
116 5 7 31 15 8083 770 1 1 0 1 
117 5 7 31 15 4487 507 1 1 0 1 
118 5 7 31 15 10779 797 1 1 0 1 
119 5 7 31 15 7038 684 1 1 0 1 
120 5 7 31 15 10392 794 1 1 0 1 
121 5 7 31 15 4565 549 1 1 0 1 
122 5 7 31 15 12336 1327 1 1 0 1 
123 5 7 31 15 10750 1108 1 1 0 1 
124 5 7 31 15 7464 780 1 1 0 1 
125 5 7 31 15 18227 2041 1 1 0 1 
126 5 7 31 15 8742 734 1 1 0 1 
127 5 7 31 15 8560 848 1 1 0 0 
128 5 7 31 15 9581 694 1 1 0 1 
129 5 7 31 15 10241 1286 1 1 0 0 
130 5 7 31 15 5404 545 1 1 0 1 
131 5 7 31 15 5291 524 1 1 0 1 
132 5 7 31 15 10387 743 1 1 0 0 
133 5 7 31 15 8519 876 1 1 0 1 
134 5 7 31 15 4872 501 1 1 0 1 
135 5 7 31 15 7475 619 1 1 0 1 
136 5 7 31 15 9568 619 1 1 0 0 
137 5 7 31 15 9047 1121 1 1 0 0 
138 5 7 31 15 10130 866 1 1 0 1 
139 5 7 31 15 7972 564 1 1 0 0 
140 5 7 31 15 9828 1085 1 1 0 1 
141 5 7 31 15 8689 813 1 1 0 1 
142 5 7 31 15 5283 614 1 1 0 1 
143 5 7 31 15 8382 720 1 1 0 1 
144 5 7 31 15 8568 817 1 1 0 0 
145 5 7 31 15 10893 1343 1 1 0 0 
146 5 7 31 15 10130 784 1 1 0 1 
147 5 7 31 15 11338 1007 1 1 0 1 
148 5 7 31 15 9996 848 1 1 0 1 
149 5 7 31 15 7144 615 1 1 0 0 
150 5 7 31 15 10826 975 1 1 0 1 
151 5 7 31 15 10607 853 1 1 0 1 
152 5 7 31 15 6901 694 1 1 0 1 
153 5 7 31 15 8392 638 1 1 0 1 
154 5 7 31 15 10751 792 1 1 0 1 
155 5 7 31 15 8658 765 1 1 0 0 
156 5 7 31 15 8828 821 1 1 0 1 
157 5 7 31 15 10975 1060 1 1 0 1 
158 5 7 31 15 11335 636 1 1 0 1 
159 5 7 31 15 9758 812 1 1 0 0 
160 5 7 31 15 7839 670 1 1 0 1 
161 5 7 31 15 9373 924 1 1 0 1 
162 5 7 31 15 10735 658 1 1 0 1 
163 5 7 31 15 7118 823 1 1 0 1 
164 5 7 31 15 9240 792 1 1 0 0 
165 5 7 31 15 5009 501 1 1 0 0 
166 5 7 31 15 6588 898 1 1 0 1 
167 5 7 31 15 13355 1352 1 1 0 1 
168 5 7 31 15 11285 957 1 1 0 1 
169 5 7 31 15 7551 657 1 1 0 1 
170 5 7 31 15 5915 589 1 1 0 1 
171 5 7 31 15 8733 848 1 1 0 1 
172 5 7 31 15 7780 891 1 1 0 0 
173 5 7 31 15 11034 1145 1 1 0 1 
174 5 7 31 15 6546 544 1 1 0 0 
175 5 7 31 15 7893 754 1 1 0 1 
176 5 7 31 15 7157 734 1 1 0 1 
177 5 7 31 15 5012 525 1 1 0 1 
178 5 7 31 15 12816 1070 1 1 0 1 
179 5 7 31 15 10635 1183 1 1 0 1 
180 5 7 31 15 9708 910 1 1 0 1 
181 5 7 31 15 8398 801 1 1 0 0 
182 5 7 31 15 6755 491 1 1 0 1 
183 5 7 31 15 5588 714 1 1 0 0 
184 5 7 31 15 8190 652 1 1 0 1 
185 5 7 31 15 7958 602 1 1 0 1 
186 5 7 31 15 4957 447 1 1 0 0 
187 5 7 31 15 8074 907 1 1 0 1 
188 5 7 31 15 9660 746 1 1 0 1 
189 5 7 31 15 11094 940 1 1 0 1 
190 5 7 31 15 9772 821 1 1 0 0 
191 5 7 31 15 8592 801 1 1 0 0 
192 5 7 31 15 16191 1027 1 1 0 0 
193 5 7 31 15 5904 813 1 1 0 1 
194 5 7 31 15 6708 518 1 1 0 1 
195 5 7 31 15 13443 1403 1 1 0 1 
196 5 7 31 15 6784 780 1 1 0 1 
197 5 7 31 15 10136 1054 1 1 0 1 
198 5 7 31 15 3824 473 1 1 0 1 
199 5 7 31 15 10260 756 1 1 0 1 
200 5 7 31 15 11177 1122 1 1 0 1 
201 5 7 31 15 6625 544 1 1 0 1 
202 5 7 31 15 7940 627 1 1 0 1 
203 5 7 31 15 8132 960 1 1 0 1 
204 5 7 31 15 7189 655 1 1 0 0 
205 5 7 31 15 8665 969 1 1 0 1 
206 5 7 31 15 10354 1004 1 1 0 1 
207 5 7 31 15 13957 1436 1 1 0 1 
208 5 7 31 15 3994 508 1 1 0 1 
209 5 7 31 15 8912 830 1 1 0 1 
210 5 7 31 15 4275 409 1 1 0 1 
211 5 7 31 15 17286 1659 1 1 0 1 
212 5 7 31 15 6049 471 1 1 0 1 
213 5 7 31 15 10485 754 1 1 0 1 
214 5 7 31 15 11117 805 1 1 0 1 
215 5 7 31 15 9660 705 1 1 0 0 
216 5 7 31 15 10252 1077 1 1 0 1 
217 5 7 31 15 6940 759 1 1 0 1 
218 5 7 31 15 5685 768 1 1 0 0 
219 5 7 31 15 3511 433 1 1 0 1 
220 5 7 31 15 5324 687 1 1 0 1 
221 5 7 31 15 7750 651 1 1 0 1 
222 5 7 31 15 6468 627 1 1 0 1 
223 5 7 31 15 10141 898 1 1 0 1 
224 5 7 31 15 9423 594 1 1 0 1 
225 5 7 31 15 7849 682 1 1 0 1 
226 5 7 31 15 8052 730 1 1 0 1 
227 5 7 31 15 7186 595 1 1 0 1 
228 5 7 31 15 10369 689 1 1 0 1 
229 5 7 31 15 13016 937 1 1 0 1 
230 5 7 31 15 10988 1091 1 1 0 1 
231 5 7 31 15 8353 614 1 1 0 0 
232 5 7 31 15 5738 469 1 1 0 1 
233 5 7 31 15 12157 1148 1 1 0 1 
234 5 7 31 15 13943 1088 1 1 0 1 
235 5 7 31 15 6756 548 1 1 0 1 
236 5 7 31 15 10336 1086 1 1 0 1 
237 5 7 31 15 4879 564 1 1 0 1 
238 5 7 31 15 11530 1372 1 1 0 1 
239 5 7 31 15 6757 523 1 1 0 1 
240 5 7 31 15 5195 474 1 1 0 1 
241 5 7 31 15 8650 763 1 1 0 1 
242 5 7 31 15 5056 451 1 1 0 1 
243 5 7 31 15 11404 1249 1 1 0 0 
244 5 7 31 15 6461 635 1 1 0 1 
245 5 7 31 15 10778 1139 1 1 0 1 
246 5 7 31 15 10031 1131 1 1 0 1 
247 5 7 31 15 11660 839 1 1 0 1 
248 5 7 31 15 11444 1228 1 1 0 1 
249 5 7 31 15 7053 630 1 1 0 1 
250 5 7 31 15 13232 887 1 1 0 1 
251 5 7 31 15 22205 2508 1 1 0 1 
252 5 7 31 15 13647 954 1 1 0 1 
253 5 7 31 15 8801 906 1 1 0 1 
254 5 7 31 15 4239 315 1 1 0 1 
255 5 7 31 15 8711 739 1 1 0 1 
256 5 7 31 15 11536 1185 1 1 0 1 
257 5 7 31 15 6874 749 1 1 0 1 
258 5 7 31 15 6763 601 1 1 0 0 
259 5 7 31 15 14096 2628 1 1 0 1 
260 5 7 31 15 6849 835 1 1 0 1 
261 5 7 31 15 13470 989 1 1 0 1 
262 5 7 31 15 25774 3669 1 1 0 1 
263 5 7 31 15 5216 440 1 1 0 0 
264 5 7 31 15 8303 992 1 1 0 1 
265 5 7 31 15 7502 655 1 1 0 1 
266 5 7 31 15 4779 495 1 1 0 1 
267 5 7 31 15 11326 1217 1 1 0 1 
268 5 7 31 15 7492 740 1 1 0 1 
269 5 7 31 15 12197 1304 1 1 0 1 
270 5 7 31 15 11643 1338 1 1 0 1 
271 5 7 31 15 10104 934 1 1 0 1 
272 5 7 31 15 9109 774 1 1 0 1 
273 5 7 31 15 9189 792 1 1 0 1 
274 5 7 31 15 6975 1374 1 1 0 1 
275 5 7 31 15 8573 774 1 1 0 0 
276 5 7 31 15 5272 575 1 1 0 1 
277 5 7 31 15 9262 724 1 1 0 0 
278 5 7 31 15 9966 929 1 1 0 1 
279 5 7 31 15 12709 814 1 1 0 0 
280 5 7 31 15 8189 579 1 1 0 1 
281 5 7 31 15 8053 633 1 1 0 1 
282 5 7 31 15 4761 608 1 1 0 1 
283 5 7 31 15 9829 839 1 1 0 0 
284 5 7 31 15 6788 520 1 1 0 0 
285 5 7 31 15 7052 540 1 1 0 1 
286 5 7 31 15 5093 438 1 1 0 1 
287 5 7 31 15 9283 865 1 1 0 0 
288 5 7 31 15 6886 480 1 1 0 0 
289 5 7 31 15 7522 616 1 1 0 1 
290 5 7 31 15 8386 719 1 1 0 1 
291 5 7 31 15 10052 973 1 1 0 1 
292 5 7 31 15 0 0 0 1 0 1 
293 5 7 31 15 7494 878 1 1 0 1 
294 5 7 31 15 7628 889 1 1 0 1 
295 5 7 31 15 7687 834 1 1 0 1 
296 5 7 31 15 8579 801 1 1 0 1 
297 5 7 31 15 8481 802 1 1 0 1 
298 5 7 31 15 10344 803 1 1 0 0 
299 5 7 31 15 9839 1015 1 1 0 1 
300 5 7 31 15 10784 1082 1 1 0 1 
301 5 7 31 15 6665 629 1 1 0 1 
302 5 7 31 15 5356 393 1 1 0 1 
303 5 7 31 15 9026 849 1 1 0 1 
304 5 7 31 15 10539 1183 1 1 0 1 
305 5 7 31 15 7529 599 1 1 0 1 
306 5 7 31 15 6218 593 1 1 0 0 
307 5 7 31 15 3419 377 1 1 0 1 
308 5 7 31 15 11053 1026 1 1 0 1 
309 5 7 31 15 8688 707 1 1 0 1 
310 5 7 31 15 12219 926 1 1 0 1 
311 5 7 31 15 8602 826 1 1 0 1 
312 5 7 31 15 6678 651 1 1 0 1 
313 5 7 31 15 10432 926 1 1 0 1 
314 5 7 31 15 6661 700 1 1 0 1 
315 5 7 31 15 5959 553 1 1 0 1 
316 5 7 31 15 11678 927 1 1 0 1 
317 5 7 31 15 7374 683 1 1 0 0 
318 5 7 31 15 8026 746 1 1 0 1 
319 5 7 31 15 11280 1079 1 1 0 1 
320 5 7 31 15 19898 2316 1 1 0 1 
321 5 7 31 15 7520 688 1 1 0 1 
322 5 7 31 15 6826 621 1 1 0 1 
323 5 7 31 15 10371 716 1 1 0 1 
324 5 7 31 15 7753 855 1 1 0 1 
325 5 7 31 15 8509 742 1 1 0 1 
326 5 7 31 15 8094 544 1 1 0 1 
327 5 7 31 15 11035 1150 1 1 0 1 
328 5 7 31 15 5662 577 1 1 0 1 
329 5 7 31 15 9168 743 1 1 0 1 
330 5 7 31 15 5509 489 1 1 0 1 
331 5 7 31 15 7537 814 1 1 0 1 
332 5 7 31 15 4432 520 1 1 0 1 
333 5 7 31 15 13459 1399 1 1 0 1 
334 5 7 31 15 6583 599 1 1 0 1 
335 5 7 31 15 17867 2592 1 1 0 1 
336 5 7 31 15 16459 2049 1 1 0 1 
337 5 7 31 15 7345 493 1 1 0 1 
338 5 7 31 15 8566 657 1 1 0 1 
339 5 7 31 15 7080 840 1 1 0 1 
340 5 7 31 15 8192 802 1 1 0 1 
341 5 7 31 15 6994 851 1 1 0 1 
342 5 7 31 15 14485 987 1 1 0 0 
343 5 7 31 15 9742 802 1 1 0 1 
344 5 7 31 15 12767 1434 1 1 0 1 
345 5 7 31 15 4989 505 1 1 0 0 
346 5 7 31 15 8934 734 1 1 0 1 
347 5 7 31 15 7512 504 1 1 0 1 
348 5 7 31 15 10047 831 1 1 0 0 
349 5 7 31 15 9281 873 1 1 0 1 
350 5 7 31 15 8418 614 1 1 0 1 
351 5 7 31 15 8603 652 1 1 0 1 
352 5 7 31 15 8204 716 1 1 0 1 
353 5 7 31 15 7851 1851 1 1 0 1 
354 5 7 31 15 10053 791 1 1 0 1 
355 5 7 31 15 12766 1304 1 1 0 1 
356 5 7 31 15 9347 602 1 1 0 1 
357 5 7 31 15 10131 1218 1 1 0 1 
358 5 7 31 15 12667 1215 1 1 0 1 
359 5 7 31 15 8544 653 1 1 0 1 
360 5 7 31 15 9135 881 1 1 0 1 
361 5 7 31 15 9806 812 1 1 0 1 
362 5 7 31 15 11686 1257 1 1 0 1 
363 5 7 31 15 9564 1061 1 1 0 1 
364 5 7 31 15 7160 758 1 1 0 1 
365 5 7 31 15 8742 754 1 1 0 0 
366 5 7 31 15 9155 772 1 1 0 1 
367 5 7 31 15 7514 646 1 1 0 1 
368 5 7 31 15 16556 1025 1 1 0 1 
369 5 7 31 15 8495 646 1 1 0 1 
370 5 7 31 15 9747 714 1 1 0 1 
371 5 7 31 15 8360 592 1 1 0 1 
372 5 7 31 15 11470 874 1 1 0 1 
373 5 7 31 15 6621 405 1 1 0 1 
374 5 7 31 15 9062 938 1 1 0 1 
375 5 7 31 15 13241 1038 1 1 0 1 
376 5 7 31 15 11300 1083 1 1 0 1 
377 5 7 31 15 14940 1400 1 1 0 1 
378 5 7 31 15 8828 1267 1 1 0 1 
379 5 7 31 15 5550 574 1 1 0 1 
380 5 7 31 15 17133 1498 1 1 0 1 
381 5 7 31 15 10760 977 1 1 0 1 
382 5 7 31 15 10802 818 1 1 0 1 
383 5 7 31 15 22129 2297 1 1 0 1 
384 5 7 31 15 12065 1197 1 1 0 1 
385 5 7 31 15 8807 740 1 1 0 0 
386 5 7 31 15 10007 713 1 1 0 1 
387 5 7 31 15 14533 1402 1 1 0 1 
388 5 7 31 15 11506 1178 1 1 0 1 
389 5 7 31 15 13404 1383 1 1 0 1 
390 5 7 31 15 16172 1219 1 1 0 1 
391 5 7 31 15 8431 925 1 1 0 1 
392 5 7 31 15 7261 748 1 1 0 1 
393 5 7 31 15 8124 725 1 1 0 1 
394 5 7 31 15 10549 760 1 1 0 1 
395 5 7 31 15 4966 587 1 1 0 1 
396 5 7 31 15 13780 1227 1 1 0 1 
397 5 7 31 15 8130 955 1 1 0 1 
398 5 7 31 15 8246 787 1 1 0 1 
399 5 7 31 15 6917 668 1 1 0 0 
400 5 7 31 15 11084 1369 1 1 0 1 
401 5 7 31 15 8951 733 1 1 0 1 
402 5 7 31 15 6904 668 1 1 0 1 
403 5 7 31 15 8698 812 1 1 0 1 
404 5 7 31 15 6690 669 1 1 0 1 
405 5 7 31 15 5569 530 1 1 0 1 
406 5 7 31 15 10916 710 1 1 0 1 
407 5 7 31 15 6393 446 1 1 0 0 
408 5 7 31 15 7985 639 1 1 0 1 
409 5 7 31 15 7235 641 1 1 0 1 
410 5 7 31 15 7959 878 1 1 0 1 
411 5 7 31 15 12977 882 1 1 0 1 
412 5 7 31 15 12027 755 1 1 0 0 
413 5 7 31 15 10228 1110 1 1 0 0 
414 5 7 31 15 7805 547 1 1 0 1 
415 5 7 31 15 7713 583 1 1 0 1 
416 5 7 31 15 13376 1425 1 1 0 1 
417 5 7 31 15 9051 835 1 1 0 1 
418 5 7 31 15 8180 801 1 1 0 1 
419 5 7 31 15 8159 1030 1 1 0 1 
420 5 7 31 15 6377 516 1 1 0 0 
421 5 7 31 15 14471 1288 1 1 0 1 
422 5 7 31 15 5018 458 1 1 0 1 
423 5 7 31 15 13331 2213 1 1 0 1 
424 5 7 31 15 10141 930 1 1 0 1 
425 5 7 31 15 4744 560 1 1 0 1 
426 5 7 31 15 5535 667 1 1 0 1 
427 5 7 31 15 10228 880 1 1 0 0 
428 5 7 31 15 7940 635 1 1 0 0 
429 5 7 31 15 6999 523 1 1 0 0 
430 5 7 31 15 11246 868 1 1 0 0 
431 5 7 31 15 12369 1045 1 1 0 1 
432 5 7 31 15 13988 1795 1 1 0 1 
433 5 7 31 15 8970 904 1 1 0 1 
434 5 7 31 15 12333 767 1 1 0 0 
435 5 7 31 15 3142 388 1 1 0 1 
436 5 7 31 15 7465 731 1 1 0 1 
437 5 7 31 15 9287 847 1 1 0 1 
438 5 7 31 15 6736 614 1 1 0 1 
439 5 7 31 15 8562 930 1 1 0 1 
440 5 7 31 15 8230 839 1 1 0 1 
441 5 7 31 15 8718 847 1 1 0 1 
442 5 7 31 15 7478 637 1 1 0 1 
443 5 7 31 15 7056 566 1 1 0 1 
444 5 7 31 15 14441 1573 1 1 0 1 
445 5 7 31 15 11042 1627 1 1 0 1 
446 5 7 31 15 7952 816 1 1 0 1 
447 5 7 31 15 5700 614 1 1 0 1 
448 5 7 31 15 8924 786 1 1 0 1 
449 5 7 31 15 13829 1583 1 1 0 1 
450 5 7 31 15 10830 1096 1 1 0 1 
451 5 7 31 15 6628 514 1 1 0 1 
452 5 7 31 15 7541 642 1 1 0 1 
453 5 7 31 15 13328 1553 1 1 0 1 
454 5 7 31 15 8073 887 1 1 0 1 
455 5 7 31 15 9743 566 1 1 0 1 
456 5 7 31 15 7183 935 1 1 0 1 
457 5 7 31 15 7040 555 1 1 0 0 
458 5 7 31 15 9276 779 1 1 0 1 
459 5 7 31 15 13873 1450 1 1 0 1 
460 5 7 31 15 5538 541 1 1 0 1 
461 5 7 31 15 6252 567 1 1 0 1 
462 5 7 31 15 5518 637 1 1 0 1 
463 5 7 31 15 6403 880 1 1 0 1 
464 5 7 31 15 11967 1271 1 1 0 1 
465 5 7 31 15 10130 717 1 1 0 1 
466 5 7 31 15 9329 914 1 1 0 1 
467 5 7 31 15 17208 1761 1 1 0 1 
468 5 7 31 15 8281 804 1 1 0 1 
469 5 7 31 15 16964 1868 1 1 0 1 
470 5 7 31 15 15098 1835 1 1 0 1 
471 5 7 31 15 9116 703 1 1 0 0 
472 5 7 31 15 7981 783 1 1 0 1 
473 5 7 31 15 4267 511 1 1 0 1 
474 5 7 31 15 9034 825 1 1 0 1 
475 5 7 31 15 6834 1024 1 1 0 1 
476 5 7 31 15 7562 748 1 1 0 1 
477 5 7 31 15 7885 533 1 1 0 0 
478 5 7 31 15 10068 870 1 1 0 1 
479 5 7 31 15 16699 1687 1 1 0 1 
480 5 7 31 15 6233 720 1 1 0 1 
481 5 7 31 15 8419 651 1 1 0 1 
482 5 7 31 15 9814 974 1 1 0 1 
483 5 7 31 15 6200 712 1 1 0 1 
484 5 7 31 15 10638 878 1 1 0 1 
485 5 7 31 15 6914 554 1 1 0 0 
486 5 7 31 15 6225 661 1 1 0 1 
487 5 7 31 15 9624 828 1 1 0 1 
488 5 7 31 15 4184 401 1 1 0 1 
489 5 7 31 15 9010 748 1 1 0 1 
490 5 7 31 15 9184 1129 1 1 0 0 
491 5 7 31 15 9951 625 1 1 0 1 
492 5 7 31 15 10485 1341 1 1 0 0 
493 5 7 31 15 11090 933 1 1 0 1 
494 5 7 31 15 9970 1202 1 1 0 1 
495 5 7 31 15 6995 492 1 1 0 1 
496 5 7 31 15 10834 926 1 1 0 1 
497 5 7 31 15 11353 1248 1 1 0 1 
498 5 7 31 15 7685 903 1 1 0 0 
499 5 7 31 15 7716 922 1 1 0 1 
500 5 7 31 15 7364 505 1 1 0 0 
501 5 7 31 15 6626 684 1 1 0 0 
502 5 7 31 15 15473 1820 1 1 0 1 
503 5 7 31 15 9654 609 1 1 0 1 
504 5 7 31 15 10679 1117 1 1 0 1 
505 5 7 31 15 7087 734 1 1 0 1 
506 5 7 31 15 11162 1039 1 1 0 1 
507 5 7 31 15 10706 726 1 1 0 1 
508 5 7 31 15 11201 970 1 1 0 1 
509 5 7 31 15 8130 576 1 1 0 1 
510 5 7 31 15 11537 951 1 1 0 1 
511 5 7 31 15 7376 846 1 1 0 1 
512 5 7 31 15 8548 1812 1 1 0 0 
513 5 7 31 15 19959 2177 1 1 0 1 
514 5 7 31 15 7568 707 1 1 0 0 
515 5 7 31 15 12823 871 1 1 0 1 
516 5 7 31 15 7303 833 1 1 0 1 
517 5 7 31 15 7755 769 1 1 0 1 
518 5 7 31 15 8027 590 1 1 0 0 
519 5 7 31 15 8175 719 1 1 0 1 
520 5 7 31 15 5170 512 1 1 0 1 
521 5 7 31 15 8340 567 1 1 0 1 
522 5 7 31 15 11473 797 1 1 0 0 
523 5 7 31 15 15349 1625 1 1 0 1 
524 5 7 31 15 11966 1049 1 1 0 1 
525 5 7 31 15 10461 893 1 1 0 1 
526 5 7 31 15 11006 1434 1 1 0 1 
527 5 7 31 15 14510 1162 1 1 0 1 
528 5 7 31 15 14384 1166 1 1 0 1 
529 5 7 31 15 11283 913 1 1 0 1 
530 5 7 31 15 9561 1438 1 1 0 1 
531 5 7 31 15 5374 584 1 1 0 1 
532 5 7 31 15 10981 1236 1 1 0 1 
533 5 7 31 15 15364 1306 1 1 0 1 
534 5 7 31 15 10914 723 1 1 0 0 
535 5 7 31 15 8794 947 1 1 0 1 
536 5 7 31 15 13528 1209 1 1 0 1 
537 5 7 31 15 8220 743 1 1 0 1 
538 5 7 31 15 4509 567 1 1 0 1 
539 5 7 31 15 14009 1271 1 1 0 0 
540 5 7 31 15 8908 517 1 1 0 0 
541 5 7 31 15 9015 971 1 1 0 1 
542 5 7 31 15 6598 568 1 1 0 0 
543 5 7 31 15 3377 274 1 1 0 1 
544 5 7 31 15 17626 2050 1 1 0 1 
545 5 7 31 15 15112 1191 1 1 0 1 
546 5 7 31 15 14468 1617 1 1 0 1 
547 5 7 31 15 6818 510 1 1 0 0 
548 5 7 31 15 5101 381 1 1 0 1 
549 5 7 31 15 6023 650 1 1 0 1 
550 5 7 31 15 6482 491 1 1 0 1 
551 5 7 31 15 11632 1278 1 1 0 1 
552 5 7 31 15 8985 784 1 1 0 1 
553 5 7 31 15 9736 785 1 1 0 1 
554 5 7 31 15 5927 654 1 1 0 1 
555 5 7 31 15 5886 504 1 1 0 0 
556 5 7 31 15 9036 898 1 1 0 1 
557 5 7 31 15 5417 752 1 1 0 1 
558 5 7 31 15 4376 528 1 1 0 1 
559 5 7 31 15 9950 1053 1 1 0 1 
560 5 7 31 15 18197 1922 1 1 0 1 
561 5 7 31 15 9522 807 1 1 0 1 
562 5 7 31 15 20303 3255 1 1 0 1 
563 5 7 31 15 5754 672 1 1 0 1 
564 5 7 31 15 5924 540 1 1 0 1 
565 5 7 31 15 8283 906 1 1 0 1 
566 5 7 31 15 7202 690 1 1 0 1 
567 5 7 31 15 8601 854 1 1 0 1 
568 5 7 31 15 6660 472 1 1 0 1 
569 5 7 31 15 4680 620 1 1 0 1 
570 5 7 31 15 6102 804 1 1 0 1 
571 5 7 31 15 10677 677 1 1 0 0 
572 5 7 31 15 8531 657 1 1 0 1 
573 5 7 31 15 4806 391 1 1 0 0 
574 5 7 31 15 11592 720 1 1 0 1 
575 5 7 31 15 7826 650 1 1 0 0 
576 5 7 31 15 9123 1072 1 1 0 1 
577 5 7 31 15 7292 679 1 1 0 1 
578 5 7 31 15 13399 1225 1 1 0 1 
579 5 7 31 15 9654 991 1 1 0 1 
580 5 7 31 15 12253 1665 1 1 0 1 
581 5 7 31 15 6455 645 1 1 0 1 
582 5 7 31 15 7463 893 1 1 0 1 
583 5 7 31 15 5602 530 1 1 0 1 
584 5 7 31 15 6487 505 1 1 0 1 
585 5 7 31 15 8122 972 1 1 0 1 
586 5 7 31 15 17879 2501 1 1 0 1 
587 5 7 31 15 12025 788 1 1 0 0 
588 5 7 31 15 8256 823 1 1 0 1 
589 5 7 31 15 8001 681 1 1 0 1 
590 5 7 31 15 7250 494 1 1 0 1 
591 5 7 31 15 8600 641 1 1 0 1 
592 5 7 31 15 5226 585 1 1 0 1 
593 5 7 31 15 11333 1375 1 1 0 1 
594 5 7 31 15 5288 539 1 1 0 1 
595 5 7 31 15 18690 1899 1 1 0 1 
596 5 7 31 15 6268 882 1 1 0 1 
597 5 7 31 15 6990 873 1 1 0 1 
598 5 7 31 15 6675 763 1 1 0 0 
599 5 7 31 15 11417 960 1 1 0 1 
600 5 7 31 15 12377 898 1 1 0 1 
601 5 7 31 15 6153 441 1 1 0 1 
602 5 7 31 15 7701 635 1 1 0 1 
603 5 7 31 15 9432 1161 1 1 0 1 
604 5 7 31 15 8422 614 1 1 0 0 
605 5 7 31 15 9969 662 1 1 0 1 
606 5 7 31 15 7187 663 1 1 0 1 
607 5 7 31 15 5555 637 1 1 0 1 
608 5 7 31 15 12554 1126 1 1 0 1 
609 5 7 31 15 5896 588 1 1 0 1 
610 5 7 31 15 4209 523 1 1 0 1 
611 5 7 31 15 6686 531 1 1 0 0 
612 5 7 31 15 8161 493 1 1 0 0 
613 5 7 31 15 6778 954 1 1 0 1 
614 5 7 31 15 7698 1069 1 1 0 1 
615 5 7 31 15 10520 1225 1 1 0 1 
616 5 7 31 15 11786 957 1 1 0 1 
617 5 7 31 15 8259 732 1 1 0 1 
618 5 7 31 15 9397 618 1 1 0 1 
619 5 7 31 15 7384 614 1 1 0 0 
620 5 7 31 15 12074 937 1 1 0 0 
621 5 7 31 15 7296 870 1 1 0 1 
622 5 7 31 15 6306 540 1 1 0 1 
623 5 7 31 15 9636 1045 1 1 0 1 
624 5 7 31 15 8847 746 1 1 0 1 
625 5 7 31 15 6887 702 1 1 0 1 
626 5 7 31 15 12025 974 1 1 0 1 
627 5 7 31 15 8837 746 1 1 0 1 
628 5 7 31 15 11777 1091 1 1 0 1 
629 5 7 31 15 6769 590 1 1 0 0 
630 5 7 31 15 7544 801 1 1 0 1 
631 5 7 31 15 7428 765 1 1 0 1 
632 5 7 31 15 9461 1053 1 1 0 1 
633 5 7 31 15 6929 530 1 1 0 0 
634 5 7 31 15 7968 775 1 1 0 1 
635 5 7 31 15 8541 791 1 1 0 1 
636 5 7 31 15 10764 1027 1 1 0 0 
637 5 7 31 15 12730 893 1 1 0 0 
638 5 7 31 15 8103 624 1 1 0 0 
639 5 7 31 15 5620 528 1 1 0 1 
640 5 7 31 15 15013 936 1 1 0 1 
641 5 7 31 15 6889 567 1 1 0 1 
642 5 7 31 15 3671 420 1 1 0 1 
643 5 7 31 15 13143 1312 1 1 0 1 
644 5 7 31 15 11956 1189 1 1 0 0 
645 5 7 31 15 18933 1817 1 1 0 1 
646 5 7 31 15 6016 817 1 1 0 0 
647 5 7 31 15 10460 932 1 1 0 1 
648 5 7 31 15 7947 620 1 1 0 1 
649 5 7 31 15 5012 486 1 1 0 1 
650 5 7 31 15 7509 743 1 1 0 0 
651 5 7 31 15 8687 992 1 1 0 1 
652 5 7 31 15 10050 884 1 1 0 1 
653 5 7 31 15 7979 605 1 1 0 1 
654 5 7 31 15 8466 770 1 1 0 1 
655 5 7 31 15 11906 861 1 1 0 1 
656 5 7 31 15 4576 465 1 1 0 1 
657 5 7 31 15 9654 919 1 1 0 1 
658 5 7 31 15 7323 669 1 1 0 1 
659 5 7 31 15 6615 690 1 1 0 1 
660 5 7 31 15 6992 652 1 1 0 0 
661 5 7 31 15 7541 570 1 1 0 1 
662 5 7 31 15 10711 858 1 1 0 1 
663 5 7 31 15 8088 949 1 1 0 1 
664 5 7 31 15 8330 823 1 1 0 1 
665 5 7 31 15 9455 1365 1 1 0 1 
666 5 7 31 15 9706 778 1 1 0 1 
667 5 7 31 15 11985 971 1 1 0 1 
668 5 7 31 15 11554 1278 1 1 0 1 
669 5 7 31 15 6266 501 1 1 0 0 
670 5 7 31 15 9980 922 1 1 0 0 
671 5 7 31 15 9063 818 1 1 0 0 
672 5 7 31 15 10145 1437 1 1 0 1 
673 5 7 31 15 11620 810 1 1 0 1 
674 5 7 31 15 12593 1387 1 1 0 1 
675 5 7 31 15 4350 421 1 1 0 1 
676 5 7 31 15 9974 1943 1 1 0 1 
677 5 7 31 15 10087 718 1 1 0 0 
678 5 7 31 15 11960 1024 1 1 0 1 
679 5 7 31 15 11868 1188 1 1 0 1 
680 5 7 31 15 7144 887 1 1 0 1 
681 5 7 31 15 4833 564 1 1 0 1 
682 5 7 31 15 13979 2013 1 1 0 1 
683 5 7 31 15 10439 981 1 1 0 1 
684 5 7 31 15 10159 790 1 1 0 0 
685 5 7 31 15 7633 685 1 1 0 1 
686 5 7 31 15 7542 824 1 1 0 1 
687 5 7 31 15 10471 818 1 1 0 1 
688 5 7 31 15 5107 469 1 1 0 1 
689 5 7 31 15 7729 785 1 1 0 1 
690 5 7 31 15 7070 898 1 1 0 1 
691 5 7 31 15 9780 668 1 1 0 1 
692 5 7 31 15 7496 801 1 1 0 1 
693 5 7 31 15 8040 571 1 1 0 1 
694 5 7 31 15 10257 893 1 1 0 0 
695 5 7 31 15 6695 565 1 1 0 1 
696 5 7 31 15 14308 1277 1 1 0 1 
697 5 7 31 15 14464 1150 1 1 0 1 
698 5 7 31 15 18308 1974 1 1 0 1 
699 5 7 31 15 11449 1219 1 1 0 1 
700 5 7 31 15 5849 646 1 1 0 1 
701 5 7 31 15 8547 755 1 1 0 0 
702 5 7 31 15 6268 488 1 1 0 0 
703 5 7 31 15 3648 358 1 1 0 1 
704 5 7 31 15 12620 1184 1 1 0 1 
705 5 7 31 15 12450 1185 1 1 0 1 
706 5 7 31 15 7797 630 1 1 0 0 
707 5 7 31 15 13989 1359 1 1 0 1 
708 5 7 31 15 7224 630 1 1 0 1 
709 5 7 31 15 10489 1221 1 1 0 1 
710 5 7 31 15 6278 489 1 1 0 0 
711 5 7 31 15 7799 548 1 1 0 0 
712 5 7 31 15 7421 653 1 1 0 0 
713 5 7 31 15 12233 1306 1 1 0 1 
714 5 7 31 15 7645 509 1 1 0 1 
715 5 7 31 15 9547 901 1 1 0 1 
716 5 7 31 15 7561 543 1 1 0 0 
717 5 7 31 15 7599 674 1 1 0 1 
718 5 7 31 15 8763 913 1 1 0 1 
719 5 7 31 15 6972 568 1 1 0 0 
720 5 7 31 15 11260 879 1 1 0 1 
721 5 7 31 15 9969 823 1 1 0 1 
722 5 7 31 15 9349 1396 1 1 0 1 
723 5 7 31 15 12047 787 1 1 0 1 
724 5 7 31 15 8328 780 1 1 0 1 
725 5 7 31 15 7294 642 1 1 0 1 
726 5 7 31 15 13962 1192 1 1 0 1 
727 5 7 31 15 6345 524 1 1 0 1 
728 5 7 31 15 6996 542 1 1 0 1 
729 5 7 31 15 14730 1279 1 1 0 1 
730 5 7 31 15 8831 979 1 1 0 1 
731 5 7 31 15 10773 943 1 1 0 1 
732 5 7 31 15 10919 1150 1 1 0 1 
733 5 7 31 15 16625 3644 1 1 0 1 
734 5 7 31 15 6829 582 1 1 0 1 
735 5 7 31 15 7530 594 1 1 0 1 
736 5 7 31 15 5942 541 1 1 0 0 
737 5 7 31 15 10548 1232 1 1 0 1 
738 5 7 31 15 9504 749 1 1 0 1 
739 5 7 31 15 12150 928 1 1 0 0 
740 5 7 31 15 10085 672 1 1 0 1 
741 5 7 31 15 11253 1137 1 1 0 1 
742 5 7 31 15 10460 1016 1 1 0 1 
743 5 7 31 15 5085 501 1 1 0 1 
744 5 7 31 15 8663 943 1 1 0 0 
745 5 7 31 15 8363 746 1 1 0 1 
746 5 7 31 15 9082 638 1 1 0 1 
747 5 7 31 15 10708 826 1 1 0 1 
748 5 7 31 15 7481 578 1 1 0 1 
749 5 7 31 15 6612 716 1 1 0 1 
750 5 7 31 15 6395 499 1 1 0 0 
751 5 7 31 15 4844 539 1 1 0 1 
752 5 7 31 15 7763 565 1 1 0 1 
753 5 7 31 15 9303 767 1 1 0 1 
754 5 7 31 15 8920 927 1 1 0 1 
755 5 7 31 15 12426 995 1 1 0 1 
756 5 7 31 15 25280 2901 1 1 0 1 
757 5 7 31 15 9343 684 1 1 0 1 
758 5 7 31 15 6230 725 1 1 0 1 
759 5 7 31 15 11253 1005 1 1 0 1 
760 5 7 31 15 8350 1258 1 1 0 1 
761 5 7 31 15 12761 1203 1 1 0 1 
762 5 7 31 15 6647 532 1 1 0 1 
763 5 7 31 15 8022 658 1 1 0 1 
764 5 7 31 15 5873 583 1 1 0 1 
765 5 7 31 15 11679 873 1 1 0 1 
766 5 7 31 15 8537 655 1 1 0 0 
767 5 7 31 15 8554 831 1 1 0 1 
768 5 7 31 15 19274 1713 1 1 0 1 
769 5 7 31 15 13738 3630 1 1 0 1 
770 5 7 31 15 6490 608 1 1 0 1 
771 5 7 31 15 8556 844 1 1 0 0 
772 5 7 31 15 5224 635 1 1 0 1 
773 5 7 31 15 6746 856 1 1 0 1 
774 5 7 31 15 6759 771 1 1 0 1 
775 5 7 31 15 10381 687 1 1 0 0 
776 5 7 31 15 6109 649 1 1 0 1 
777 5 7 31 15 6226 460 1 1 0 1 
778 5 7 31 15 7341 804 1 1 0 0 
779 5 7 31 15 8236 798 1 1 0 1 
780 5 7 31 15 7834 837 1 1 0 1 
781 5 7 31 15 5630 674 1 1 0 1 
782 5 7 31 15 7357 630 1 1 0 1 
783 5 7 31 15 9281 791 1 1 0 1 
784 5 7 31 15 9284 921 1 1 0 1 
785 5 7 31 15 10631 780 1 1 0 1 
786 5 7 31 15 3797 503 1 1 0 1 
787 5 7 31 15 14469 1369 1 1 0 1 
788 5 7 31 15 18700 1727 1 1 0 1 
789 5 7 31 15 4205 533 1 1 0 1 
790 5 7 31 15 10141 775 1 1 0 1 
791 5 7 31 15 11996 1082 1 1 0 1 
792 5 7 31 15 10181 855 1 1 0 1 
793 5 7 31 15 6349 567 1 1 0 1 
794 5 7 31 15 4075 575 1 1 0 1 
795 5 7 31 15 5258 518 1 1 0 1 
796 5 7 31 15 8913 769 1 1 0 1 
797 5 7 31 15 5797 523 1 1 0 0 
798 5 7 31 15 9268 997 1 1 0 1 
799 5 7 31 15 13665 1017 1 1 0 1 
800 5 7 31 15 6045 507 1 1 0 1 
801 5 7 31 15 7460 678 1 1 0 1 
802 5 7 31 15 10286 693 1 1 0 1 
803 5 7 31 15 6117 454 1 1 0 1 
804 5 7 31 15 6532 518 1 1 0 0 
805 5 7 31 15 6335 569 1 1 0 0 
806 5 7 31 15 10449 711 1 1 0 0 
807 5 7 31 15 12640 1070 1 1 0 1 
808 5 7 31 15 10715 786 1 1 0 1 
809 5 7 31 15 10595 844 1 1 0 1 
810 5 7 31 15 7548 575 1 1 0 1 
811 5 7 31 15 5235 768 1 1 0 1 
812 5 7 31 15 7915 850 1 1 0 1 
813 5 7 31 15 8544 836 1 1 0 1 
814 5 7 31 15 10821 884 1 1 0 1 
815 5 7 31 15 8186 729 1 1 0 0 
816 5 7 31 15 7067 861 1 1 0 1 
817 5 7 31 15 23093 2884 1 1 0 1 
818 5 7 31 15 7049 653 1 1 0 1 
819 5 7 31 15 6554 506 1 1 0 1 
820 5 7 31 15 14985 1197 1 1 0 0 
821 5 7 31 15 11232 1148 1 1 0 1 
822 5 7 31 15 9974 785 1 1 0 1 
823 5 7 31 15 7924 650 1 1 0 1 
824 5 7 31 15 9252 1028 1 1 0 1 
825 5 7 31 15 6003 596 1 1 0 0 
826 5 7 31 15 11768 891 1 1 0 1 
827 5 7 31 15 17099 1981 1 1 0 1 
828 5 7 31 15 8019 748 1 1 0 1 
829 5 7 31 15 7453 909 1 1 0 1 
830 5 7 31 15 8415 614 1 1 0 1 
831 5 7 31 15 15152 1703 1 1 0 1 
832 5 7 31 15 9199 695 1 1 0 1 
833 5 7 31 15 6918 554 1 1 0 1 
834 5 7 31 15 8150 780 1 1 0 1 
835 5 7 31 15 7948 791 1 1 0 1 
836 5 7 31 15 7217 792 1 1 0 1 
837 5 7 31 15 5481 635 1 1 0 1 
838 5 7 31 15 9798 877 1 1 0 1 
839 5 7 31 15 5099 621 1 1 0 1 
840 5 7 31 15 7818 1063 1 1 0 1 
841 5 7 31 15 3768 487 1 1 0 1 
842 5 7 31 15 23996 1362 1 1 0 0 
843 5 7 31 15 12775 1191 1 1 0 1 
844 5 7 31 15 6444 583 1 1 0 1 
845 5 7 31 15 5151 378 1 1 0 1 
846 5 7 31 15 12705 1070 1 1 0 1 
847 5 7 31 15 10011 1170 1 1 0 1 
848 5 7 31 15 10527 998 1 1 0 1 
849 5 7 31 15 10829 1049 1 1 0 1 
850 5 7 31 15 8380 748 1 1 0 1 
851 5 7 31 15 6305 476 1 1 0 0 
852 5 7 31 15 5722 643 1 1 0 1 
853 5 7 31 15 13046 1311 1 1 0 1 
854 5 7 31 15 5653 567 1 1 0 1 
855 5 7 31 15 10423 918 1 1 0 1 
856 5 7 31 15 9416 1073 1 1 0 1 
857 5 7 31 15 9211 990 1 1 0 1 
858 5 7 31 15 5540 494 1 1 0 0 
859 5 7 31 15 8854 861 1 1 0 0 
860 5 7 31 15 8977 973 1 1 0 1 
861 5 7 31 15 5338 655 1 1 0 1 
862 5 7 31 15 11935 1288 1 1 0 1 
863 5 7 31 15 13290 1430 1 1 0 1 
864 5 7 31 15 6690 772 1 1 0 1 
865 5 7 31 15 9709 700 1 1 0 1 
866 5 7 31 15 9827 612 1 1 0 1 
867 5 7 31 15 6462 576 1 1 0 1 
868 5 7 31 15 11441 673 1 1 0 1 
869 5 7 31 15 7768 984 1 1 0 1 
870 5 7 31 15 7064 866 1 1 0 1 
871 5 7 31 15 8478 590 1 1 0 1 
872 5 7 31 15 9747 794 1 1 0 1 
873 5 7 31 15 3871 437 1 1 0 1 
874 5 7 31 15 6384 615 1 1 0 1 
875 5 7 31 15 6555 511 1 1 0 1 
876 5 7 31 15 0 0 0 1 0 1 
877 5 7 31 15 8646 1011 1 1 0 1 
878 5 7 31 15 11254 942 1 1 0 1 
879 5 7 31 15 6000 466 1 1 0 0 
880 5 7 31 15 10670 920 1 1 0 1 
881 5 7 31 15 7396 844 1 1 0 1 
882 5 7 31 15 7416 871 1 1 0 1 
883 5 7 31 15 5850 581 1 1 0 1 
884 5 7 31 15 7661 678 1 1 0 0 
885 5 7 31 15 6754 813 1 1 0 1 
886 5 7 31 15 6857 642 1 1 0 1 
887 5 7 31 15 8902 634 1 1 0 1 
888 5 7 31 15 12206 982 1 1 0 1 
889 5 7 31 15 6312 605 1 1 0 1 
890 5 7 31 15 8467 609 1 1 0 0 
891 5 7 31 15 11916 1343 1 1 0 1 
892 5 7 31 15 10054 993 1 1 0 1 
893 5 7 31 15 7179 884 1 1 0 0 
894 5 7 31 15 11866 1330 1 1 0 1 
895 5 7 31 15 12182 1012 1 1 0 1 
896 5 7 31 15 8763 1237 1 1 0 1 
897 5 7 31 15 4691 464 1 1 0 1 
898 5 7 31 15 8833 906 1 1 0 1 
899 5 7 31 15 5952 582 1 1 0 1 
900 5 7 31 15 7358 635 1 1 0 0 
901 5 7 31 15 8220 682 1 1 0 1 
902 5 7 31 15 4897 589 1 1 0 0 
903 5 7 31 15 13911 906 1 1 0 0 
904 5 7 31 15 7901 606 1 1 0 0 
905 5 7 31 15 8157 1123 1 1 0 1 
906 5 7 31 15 15131 1482 1 1 0 1 
907 5 7 31 15 8485 1048 1 1 0 1 
908 5 7 31 15 5618 421 1 1 0 1 
909 5 7 31 15 16140 1301 1 1 0 0 
910 5 7 31 15 8547 726 1 1 0 1 
911 5 7 31 15 12944 1082 1 1 0 1 
912 5 7 31 15 6864 806 1 1 0 1 
913 5 7 31 15 11718 1334 1 1 0 1 
914 5 7 31 15 11972 1178 1 1 0 1 
915 5 7 31 15 9843 642 1 1 0 0 
916 5 7 31 15 6157 747 1 1 0 1 
917 5 7 31 15 9099 898 1 1 0 1 
918 5 7 31 15 6966 632 1 1 0 1 
919 5 7 31 15 8280 893 1 1 0 0 
920 5 7 31 15 7788 693 1 1 0 0 
921 5 7 31 15 9180 993 1 1 0 1 
922 5 7 31 15 8447 750 1 1 0 1 
923 5 7 31 15 5812 604 1 1 0 1 
924 5 7 31 15 4513 427 1 1 0 1 
925 5 7 31 15 9287 1413 1 1 0 1 
926 5 7 31 15 10359 696 1 1 0 1 
927 5 7 31 15 8625 1027 1 1 0 1 
928 5 7 31 15 12541 890 1 1 0 1 
929 5 7 31 15 8331 853 1 1 0 1 
930 5 7 31 15 9512 1263 1 1 0 1 
931 5 7 31 15 5943 713 1 1 0 1 
932 5 7 31 15 10845 942 1 1 0 0 
933 5 7 31 15 9769 1064 1 1 0 1 
934 5 7 31 15 9507 807 1 1 0 1 
935 5 7 31 15 8941 802 1 1 0 1 
936 5 7 31 15 6717 854 1 1 0 1 
937 5 7 31 15 8508 647 1 1 0 1 
938 5 7 31 15 12268 1139 1 1 0 1 
939 5 7 31 15 7546 658 1 1 0 1 
940 5 7 31 15 10323 913 1 1 0 1 
941 5 7 31 15 6526 637 1 1 0 0 
942 5 7 31 15 8518 598 1 1 0 1 
943 5 7 31 15 8183 667 1 1 0 1 
944 5 7 31 15 9714 1311 1 1 0 1 
945 5 7 31 15 5804 569 1 1 0 1 
946 5 7 31 15 5581 618 1 1 0 1 
947 5 7 31 15 9247 1209 1 1 0 1 
948 5 7 31 15 9616 2120 1 1 0 1 
949 5 7 31 15 6778 591 1 1 0 1 
950 5 7 31 15 8212 700 1 1 0 1 
951 5 7 31 15 10427 847 1 1 0 1 
952 5 7 31 15 7422 595 1 1 0 0 
953 5 7 31 15 6877 642 1 1 0 1 
954 5 7 31 15 8916 989 1 1 0 1 
955 5 7 31 15 6851 563 1 1 0 1 
956 5 7 31 15 4833 558 1 1 0 1 
957 5 7 31 15 11276 1008 1 1 0 1 
958 5 7 31 15 4357 562 1 1 0 1 
959 5 7 31 15 10708 960 1 1 0 1 
960 5 7 31 15 9081 664 1 1 0 1 
961 5 7 31 15 8926 811 1 1 0 1 
962 5 7 31 15 9370 1119 1 1 0 1 
963 5 7 31 15 13492 1144 1 1 0 1 
964 5 7 31 15 12482 1560 1 1 0 1 
965 5 7 31 15 9958 1013 1 1 0 1 
966 5 7 31 15 5292 661 1 1 0 1 
967 5 7 31 15 10397 952 1 1 0 1 
968 5 7 31 15 8724 968 1 1 0 1 
969 5 7 31 15 5280 804 1 1 0 1 
970 5 7 31 15 2726 327 1 1 0 1 
971 5 7 31 15 10400 1104 1 1 0 1 
972 5 7 31 15 4328 471 1 1 0 1 
973 5 7 31 15 10156 1043 1 1 0 1 
974 5 7 31 15 14826 1713 1 1 0 0 
975 5 7 31 15 9784 802 1 1 0 1 
976 5 7 31 15 9300 861 1 1 0 1 
977 5 7 31 15 5849 567 1 1 0 0 
978 5 7 31 15 10862 1173 1 1 0 1 
979 5 7 31 15 8097 709 1 1 0 1 
980 5 7 31 15 8487 627 1 1 0 1 
981 5 7 31 15 10549 951 1 1 0 1 
982 5 7 31 15 9355 778 1 1 0 1 
983 5 7 31 15 11368 1250 1 1 0 1 
984 5 7 31 15 7444 810 1 1 0 1 
985 5 7 31 15 11053 881 1 1 0 1 
986 5 7 31 15 7051 813 1 1 0 1 
987 5 7 31 15 11948 1098 1 1 0 1 
988 5 7 31 15 5494 724 1 1 0 1 
989 5 7 31 15 6732 716 1 1 0 0 
990 5 7 31 15 8660 735 1 1 0 1 
991 5 7 31 15 6506 545 1 1 0 1 
992 5 7 31 15 6919 716 1 1 0 1 
993 5 7 31 15 10205 894 1 1 0 1 
994 5 7 31 15 6816 544 1 1 0 1 
995 5 7 31 15 11075 867 1 1 0 1 
996 5 7 31 15 9288 830 1 1 0 1 
997 5 7 31 15 6713 476 1 1 0 1 
998 5 7 31 15 6533 651 1 1 0 1 
999 5 7 31 15 11274 749 1 1 0 1 
1000 5 7 31 15 8935 749 1 1 0 0 
1001 5 7 31 15 7724 764 1 1 0 1 
1002 5 7 31 15 8554 835 1 1 0 1 
1003 5 7 31 15 9421 881 1 1 0 1 
1004 5 7 31 15 7741 626 1 1 0 0 
1005 5 7 31 15 7959 1043 1 1 0 1 
1006 5 7 31 15 10211 1180 1 1 0 1 
1007 5 7 31 15 11107 1062 1 1 0 1 
1008 5 7 31 15 7787 847 1 1 0 1 
1009 5 7 31 15 5680 517 1 1 0 0 
1010 5 7 31 15 15894 1116 1 1 0 1 
1011 5 7 31 15 10134 1021 1 1 0 1 
1012 5 7 31 15 7801 587 1 1 0 0 
1013 5 7 31 15 5599 532 1 1 0 1 
1014 5 7 31 15 16774 1595 1 1 0 1 
1015 5 7 31 15 8654 625 1 1 0 1 
1016 5 7 31 15 7175 606 1 1 0 1 
1017 5 7 31 15 7491 937 1 1 0 1 
1018 5 7 31 15 12663 1398 1 1 0 1 
1019 5 7 31 15 11202 842 1 1 0 0 
1020 5 7 31 15 10734 1138 1 1 0 1 
1021 5 7 31 15 10253 1178 1 1 0 1 
1022 5 7 31 15 9194 886 1 1 0 1 
1023 5 7 31 15 7182 649 1 1 0 1 
1024 5 7 31 15 8337 920 1 1 0 1 
1025 5 7 31 15 9701 985 1 1 0 1 
1026 5 7 31 15 12263 1433 1 1 0 1 
1027 5 7 31 15 16273 2065 1 1 0 0 
1028 5 7 31 15 7322 721 1 1 0 1 
1029 5 7 31 15 5951 753 1 1 0 1 
1030 5 7 31 15 5082 414 1 1 0 1 
1031 5 7 31 15 6014 480 1 1 0 1 
1032 5 7 31 15 12802 1166 1 1 0 1 
1033 5 7 31 15 18331 1591 1 1 0 1 
1034 5 7 31 15 7229 766 1 1 0 1 
1035 5 7 31 15 5853 640 1 1 0 1 
1036 5 7 31 15 6611 540 1 1 0 1 
1037 5 7 31 15 9329 971 1 1 0 1 
1038 5 7 31 15 6649 553 1 1 0 0 
1039 5 7 31 15 9479 1063 1 1 0 1 
1040 5 7 31 15 10532 957 1 1 0 1 
1041 5 7 31 15 7213 661 1 1 0 0 
1042 5 7 31 15 6957 729 1 1 0 1 
1043 5 7 31 15 10404 1331 1 1 0 1 
1044 5 7 31 15 8060 961 1 1 0 1 
1045 5 7 31 15 12216 1385 1 1 0 1 
1046 5 7 31 15 12558 909 1 1 0 1 
1047 5 7 31 15 8711 780 1 1 0 1 
1048 5 7 31 15 10307 668 1 1 0 1 
1049 5 7 31 15 5135 726 1 1 0 0 
1050 5 7 31 15 9743 617 1 1 0 1 
1051 5 7 31 15 11208 1214 1 1 0 1 
1052 5 7 31 15 10342 891 1 1 0 1 
1053 5 7 31 15 11436 1088 1 1 0 1 
1054 5 7 31 15 8918 786 1 1 0 1 
1055 5 7 31 15 10090 1129 1 1 0 1 
1056 5 7 31 15 6546 547 1 1 0 0 
1057 5 7 31 15 7277 649 1 1 0 1 
1058 5 7 31 15 9202 790 1 1 0 1 
1059 5 7 31 15 11672 1355 1 1 0 1 
1060 5 7 31 15 11782 1074 1 1 0 1 
1061 5 7 31 15 11382 725 1 1 0 1 
1062 5 7 31 15 9389 763 1 1 0 1 
1063 5 7 31 15 4802 560 1 1 0 1 
1064 5 7 31 15 12689 1229 1 1 0 1 
1065 5 7 31 15 6180 625 1 1 0 0 
1066 5 7 31 15 10664 1021 1 1 0 1 
1067 5 7 31 15 6789 580 1 1 0 0 
1068 5 7 31 15 5946 357 1 1 0 1 
1069 5 7 31 15 7746 805 1 1 0 1 
1070 5 7 31 15 9442 995 1 1 0 1 
1071 5 7 31 15 7241 723 1 1 0 1 
1072 5 7 31 15 10270 817 1 1 0 1 
1073 5 7 31 15 9413 1035 1 1 0 1 
1074 5 7 31 15 6789 681 1 1 0 1 
1075 5 7 31 15 11662 1038 1 1 0 1 
1076 5 7 31 15 5950 696 1 1 0 1 
1077 5 7 31 15 5616 552 1 1 0 1 
1078 5 7 31 15 9732 646 1 1 0 1 
1079 5 7 31 15 10418 796 1 1 0 1 
1080 5 7 31 15 12042 983 1 1 0 0 
1081 5 7 31 15 7641 1062 1 1 0 1 
1082 5 7 31 15 7915 1034 1 1 0 1 
1083 5 7 31 15 7655 444 1 1 0 1 
1084 5 7 31 15 9674 986 1 1 0 1 
1085 5 7 31 15 9512 858 1 1 0 1 
1086 5 7 31 15 8226 890 1 1 0 1 
1087 5 7 31 15 9857 802 1 1 0 1 
1088 5 7 31 15 6800 552 1 1 0 1 
1089 5 7 31 15 13716 1131 1 1 0 1 
1090 5 7 31 15 7436 856 1 1 0 1 
1091 5 7 31 15 10538 812 1 1 0 1 
1092 5 7 31 15 16726 1512 1 1 0 0 
1093 5 7 31 15 11778 1071 1 1 0 1 
1094 5 7 31 15 5826 425 1 1 0 0 
1095 5 7 31 15 4958 696 1 1 0 1 
1096 5 7 31 15 9318 816 1 1 0 1 
1097 5 7 31 15 11443 2451 1 1 0 1 
1098 5 7 31 15 6410 780 1 1 0 1 
1099 5 7 31 15 12074 1370 1 1 0 1 
1100 5 7 31 15 7270 819 1 1 0 1 
1101 5 7 31 15 13501 1111 1 1 0 1 
1102 5 7 31 15 7211 704 1 1 0 0 
1103 5 7 31 15 8628 565 1 1 0 1 
1104 5 7 31 15 6878 472 1 1 0 0 
1105 5 7 31 15 7994 765 1 1 0 1 
1106 5 7 31 15 5901 618 1 1 0 1 
1107 5 7 31 15 9433 825 1 1 0 0 
1108 5 7 31 15 6602 645 1 1 0 1 
1109 5 7 31 15 5263 515 1 1 0 0 
1110 5 7 31 15 6198 642 1 1 0 1 
1111 5 7 31 15 5723 422 1 1 0 1 
1112 5 7 31 15 9626 767 1 1 0 1 
1113 5 7 31 15 7289 720 1 1 0 1 
1114 5 7 31 15 27508 3745 1 1 0 1 
1115 5 7 31 15 8680 538 1 1 0 1 
