1 3 1 1270 9 2008 0 -1 -1 -1 
2 1 1 570 11 2007 1 13 2010 1 4 7 10 
3 1 1 14130 12 2006 1 14 2011 1 4 7 10 
4 3 3 620 9 2009 0 -1 -1 -1 
5 1 1 29910 4 2015 0 -1 -1 -1 
6 1 1 310 12 2013 0 -1 -1 -1 
7 1 3 24000 4 2013 0 -1 -1 -1 
8 1 1 7520 10 2014 0 -1 -1 -1 
9 1 3 2030 8 2000 0 -1 -1 -1 
10 1 1 3160 9 2009 0 -1 -1 -1 
11 1 3 960 11 2011 1 1 2012 1 4 7 10 
12 1 3 1070 -1 -1 1 13 2010 1 4 7 10 
13 4 1 310 -1 -1 1 45 2009 2 5 8 11 
14 1 1 1300 3 2014 1 40 2011 1 4 7 10 
15 4 3 4110 3 2010 1 14 2011 1 4 7 10 
16 1 3 3270 -1 -1 0 -1 -1 -1 
17 1 1 50 12 2005 1 26 2010 1 4 7 10 
18 4 3 13840 6 2010 1 14 2012 1 4 7 10 
19 1 3 3240 -1 -1 1 22 2011 3 6 9 12 
20 4 1 2340 5 2009 1 40 2014 1 4 7 10 
21 3 3 550 10 1999 1 45 2009 1 4 7 10 
22 1 1 1040 -1 -1 1 22 2012 1 4 7 10 
23 4 1 4060 8 2005 0 -1 -1 -1 
24 1 3 4590 3 2000 1 40 2011 1 4 7 10 
25 3 1 430 4 2003 0 -1 -1 -1 
26 4 1 2300 -1 -1 0 -1 -1 -1 
27 1 1 60 1 2005 1 5 2011 1 4 7 10 
28 1 1 1200 10 2014 1 6 2015 3 6 9 12 
29 4 3 2170 -1 -1 0 -1 -1 -1 
30 1 1 40 2 2014 1 10 2014 3 6 9 12 
31 4 3 9800 7 2012 0 -1 -1 -1 
32 1 1 2910 -1 -1 1 45 2009 2 5 8 11 
33 1 3 1320 5 2013 0 -1 -1 -1 
34 3 1 2240 9 2009 0 -1 -1 -1 
35 4 3 7660 10 2000 1 1 2012 1 4 7 10 
36 1 3 540 6 2003 1 40 2014 1 4 7 10 
37 3 1 4230 12 2014 0 -1 -1 -1 
38 4 1 1090 4 2007 0 -1 -1 -1 
39 1 1 260 10 2006 1 31 2013 2 5 8 11 
40 1 1 180 -1 -1 1 45 2009 2 5 8 11 
41 4 3 1180 -1 -1 1 31 2013 1 4 7 10 
42 1 3 290 -1 -1 1 40 2011 1 4 7 10 
43 4 1 4880 -1 -1 1 37 2009 1 4 7 10 
44 1 1 540 6 2011 0 -1 -1 -1 
45 4 1 9710 2 2014 0 -1 -1 -1 
46 3 1 1200 9 2005 1 14 2011 1 4 7 10 
47 1 3 270 4 2013 1 14 2013 1 4 7 10 
48 1 1 1060 5 2012 0 -1 -1 -1 
49 4 3 18010 9 2007 0 -1 -1 -1 
50 4 1 6260 11 2009 0 -1 -1 -1 
51 1 3 10570 7 2013 1 9 2011 1 4 7 10 
52 4 3 450 4 2014 1 39 2010 1 4 7 10 
53 1 3 30360 9 2013 0 -1 -1 -1 
54 4 3 7170 8 2014 1 5 2013 2 5 8 11 
55 1 1 720 11 2004 0 -1 -1 -1 
56 4 3 6620 3 2012 1 10 2014 3 6 9 12 
57 4 3 420 6 2014 0 -1 -1 -1 
58 1 3 7340 5 2008 1 27 2012 1 4 7 10 
59 1 3 2840 6 2007 1 14 2011 1 4 7 10 
60 4 3 5540 10 2009 0 -1 -1 -1 
61 1 3 350 12 2007 1 1 2012 1 4 7 10 
62 1 1 2050 -1 -1 0 -1 -1 -1 
63 3 3 3700 6 2010 1 18 2010 2 5 8 11 
64 4 3 22560 -1 -1 1 14 2013 1 4 7 10 
65 1 3 13840 5 2010 1 1 2012 1 4 7 10 
66 4 1 7660 -1 -1 1 37 2009 1 4 7 10 
67 1 3 410 2 2006 0 -1 -1 -1 
68 1 3 250 -1 -1 1 35 2012 3 6 9 12 
69 3 3 1130 -1 -1 1 40 2011 1 4 7 10 
70 3 3 4840 -1 -1 0 -1 -1 -1 
71 1 1 17500 8 2008 1 37 2009 3 6 9 12 
72 1 1 2200 12 2009 1 13 2010 1 4 7 10 
73 1 3 1650 9 2008 0 -1 -1 -1 
74 1 1 330 -1 -1 0 -1 -1 -1 
75 4 3 22440 12 2013 0 -1 -1 -1 
76 4 3 19960 3 2006 0 -1 -1 -1 
77 4 3 1090 8 2009 1 10 2014 1 4 7 10 
78 1 1 3510 11 2006 1 5 2013 2 5 8 11 
79 1 1 3320 -1 -1 0 -1 -1 -1 
80 4 1 7910 -1 -1 0 -1 -1 -1 
81 1 1 2370 3 2011 1 40 2014 1 4 7 10 
82 1 1 22390 4 2008 1 37 2009 1 4 7 10 
83 1 1 2710 -1 -1 0 -1 -1 -1 
84 1 3 11810 8 2014 0 -1 -1 -1 
85 2 1 1870 10 2011 0 -1 -1 -1 
86 1 1 480 2 2005 1 31 2013 1 4 7 10 
87 1 1 560 12 2010 0 -1 -1 -1 
88 1 1 10690 10 2005 0 -1 -1 -1 
89 1 1 2380 7 2004 1 40 2014 1 4 7 10 
90 1 1 330 11 2007 0 -1 -1 -1 
91 3 1 2410 -1 -1 1 35 2011 1 4 7 10 
92 3 1 240 -1 -1 1 45 2009 2 5 8 11 
93 1 1 16690 -1 -1 1 14 2011 1 4 7 10 
94 4 3 14620 -1 -1 0 -1 -1 -1 
95 1 1 1890 10 2014 0 -1 -1 -1 
96 1 1 8780 2 2005 1 37 2009 1 4 7 10 
97 4 3 8980 -1 -1 0 -1 -1 -1 
98 4 3 15140 12 2006 1 1 2012 1 4 7 10 
99 3 3 2030 11 2003 1 22 2012 3 6 9 12 
100 4 1 17930 -1 -1 0 -1 -1 -1 
101 4 3 2440 -1 -1 1 22 2012 3 6 9 12 
102 1 1 150 12 2007 1 10 2014 3 6 9 12 
103 4 3 5210 5 2015 0 -1 -1 -1 
104 1 1 390 6 2009 0 -1 -1 -1 
105 1 3 6190 -1 -1 1 23 2013 3 6 9 12 
106 1 1 1390 8 2013 0 -1 -1 -1 
107 1 1 1930 9 2009 0 -1 -1 -1 
108 4 3 2190 9 2003 0 -1 -1 -1 
109 1 3 3300 11 2010 0 -1 -1 -1 
110 1 3 46590 4 2013 0 -1 -1 -1 
111 4 3 7890 -1 -1 1 37 2009 1 4 7 10 
112 1 1 1630 9 2009 0 -1 -1 -1 
113 4 3 20930 11 1999 0 -1 -1 -1 
114 3 1 4510 -1 -1 1 48 2011 3 6 9 12 
115 4 3 5740 4 2007 1 40 2014 1 4 7 10 
116 1 1 680 4 2013 0 -1 -1 -1 
117 1 1 3450 9 2011 0 -1 -1 -1 
118 4 3 3580 9 2012 0 -1 -1 -1 
119 1 3 2100 2 2010 0 -1 -1 -1 
120 4 1 2290 12 2014 1 37 2009 1 4 7 10 
121 1 1 3570 11 2009 1 36 2013 3 6 9 12 
122 1 3 58260 4 2013 0 -1 -1 -1 
123 1 1 16760 9 2011 0 -1 -1 -1 
124 1 1 1410 4 2003 0 -1 -1 -1 
125 1 1 760 12 2005 0 -1 -1 -1 
126 4 1 3370 10 2014 1 18 2011 2 5 8 11 
127 4 1 1350 12 2005 1 13 2010 1 4 7 10 
128 4 3 2000 -1 -1 1 1 2013 1 4 7 10 
129 1 1 2460 -1 -1 1 14 2011 1 4 7 10 
130 3 1 900 -1 -1 1 13 2010 1 4 7 10 
131 3 1 920 7 2015 0 -1 -1 -1 
132 4 3 1040 -1 -1 1 27 2012 1 4 7 10 
133 1 1 270 8 2013 1 10 2014 3 6 9 12 
134 1 1 1200 9 2008 0 -1 -1 -1 
135 4 1 5190 -1 -1 1 1 2013 1 4 7 10 
136 1 3 2200 12 2010 1 22 2012 2 5 8 11 
137 1 1 1730 7 2015 1 40 2014 1 4 7 10 
138 1 3 25360 10 2014 0 -1 -1 -1 
139 1 1 1700 1 2008 1 14 2011 1 4 7 10 
140 1 3 1090 7 2010 1 1 2013 1 4 7 10 
141 3 3 1540 -1 -1 1 22 2012 3 6 9 12 
142 1 1 1090 7 2002 0 -1 -1 -1 
143 4 1 2930 12 2002 0 -1 -1 -1 
144 1 3 16570 -1 -1 0 -1 -1 -1 
145 1 1 280 -1 -1 1 45 2009 2 5 8 11 
146 4 3 8050 10 1961 1 48 2012 1 4 7 10 
147 4 3 8540 -1 -1 0 -1 -1 -1 
148 1 1 2090 12 2008 0 -1 -1 -1 
149 4 1 2610 7 2006 1 14 2011 1 4 7 10 
150 3 3 31830 3 2010 0 -1 -1 -1 
151 4 3 4360 10 2005 0 -1 -1 -1 
152 1 1 1780 -1 -1 0 -1 -1 -1 
153 1 1 16240 10 2000 1 18 2011 2 5 8 11 
154 4 3 16420 -1 -1 0 -1 -1 -1 
155 4 1 3050 -1 -1 1 35 2010 1 4 7 10 
156 1 1 2020 2 2011 1 14 2011 3 6 9 12 
157 1 3 2950 10 2004 0 -1 -1 -1 
158 4 3 11840 -1 -1 1 31 2009 2 5 8 11 
159 4 1 8530 3 2013 0 -1 -1 -1 
160 4 3 17110 11 2005 0 -1 -1 -1 
161 1 3 2970 3 2005 0 -1 -1 -1 
162 4 3 5340 3 2012 1 13 2010 1 4 7 10 
163 1 1 1480 4 2009 0 -1 -1 -1 
164 1 1 1160 9 2005 1 13 2010 1 4 7 10 
165 1 1 3720 4 2005 1 13 2010 1 4 7 10 
166 1 3 100 4 2014 1 31 2013 1 4 7 10 
167 1 1 140 4 2008 0 -1 -1 -1 
168 1 1 12540 -1 -1 0 -1 -1 -1 
169 4 1 980 7 2014 1 18 2014 2 5 8 11 
170 1 1 1070 5 2015 1 14 2011 1 4 7 10 
171 1 1 2640 -1 -1 0 -1 -1 -1 
172 1 1 110 -1 -1 1 40 2014 1 4 7 10 
173 1 1 350 12 2012 0 -1 -1 -1 
174 1 1 13090 -1 -1 1 22 2012 1 4 7 10 
175 3 1 4130 -1 -1 0 -1 -1 -1 
176 1 1 3770 -1 -1 0 -1 -1 -1 
177 1 1 1250 2 2004 1 5 2013 2 5 8 11 
178 4 1 1710 -1 -1 0 -1 -1 -1 
179 1 3 480 -1 -1 0 -1 -1 -1 
180 4 1 5800 9 2010 0 -1 -1 -1 
181 1 1 12610 3 2013 1 14 2011 1 4 7 10 
182 4 3 1390 -1 -1 1 9 2011 3 6 9 12 
183 1 1 9670 -1 -1 0 -1 -1 -1 
184 4 3 3560 -1 -1 0 -1 -1 -1 
185 4 3 1860 5 2015 0 -1 -1 -1 
186 1 1 290 10 2011 1 40 2014 1 4 7 10 
187 1 3 19360 -1 -1 0 -1 -1 -1 
188 4 1 850 -1 -1 1 18 2011 2 5 8 11 
189 4 1 5760 7 2014 0 -1 -1 -1 
190 1 1 1470 12 2006 1 40 2014 1 4 7 10 
191 1 1 1100 8 2013 1 40 2014 1 4 7 10 
192 4 3 2770 3 2008 1 40 2014 1 4 7 10 
193 1 1 520 -1 -1 0 -1 -1 -1 
194 4 3 16970 -1 -1 1 5 2013 2 5 8 11 
195 1 3 220 -1 -1 0 -1 -1 -1 
196 3 1 3850 11 2005 1 14 2011 1 4 7 10 
197 3 1 4210 3 2015 0 -1 -1 -1 
198 1 1 290 9 2002 1 13 2010 1 4 7 10 
199 4 3 6360 12 2010 1 14 2012 3 6 9 12 
200 1 1 1650 10 2000 0 -1 -1 -1 
201 4 1 20260 -1 -1 1 18 2014 3 6 9 12 
202 4 3 5140 5 2010 0 -1 -1 -1 
203 3 3 490 11 2002 0 -1 -1 -1 
204 1 1 5630 12 2002 1 40 2014 1 4 7 10 
205 1 1 110 12 2007 0 -1 -1 -1 
206 1 3 380 -1 -1 1 14 2012 1 4 7 10 
207 1 1 6870 -1 -1 0 -1 -1 -1 
208 3 1 300 4 2006 0 -1 -1 -1 
209 1 3 11680 9 2011 1 31 2013 1 4 7 10 
210 4 1 970 11 1999 1 5 2013 2 5 8 11 
211 1 3 350 11 2006 0 -1 -1 -1 
212 1 3 15050 9 2008 0 -1 -1 -1 
213 4 3 4030 3 2014 1 1 2014 1 4 7 10 
214 4 1 8650 7 2013 1 10 2014 1 4 7 10 
215 4 1 150 -1 -1 1 45 2009 2 5 8 11 
216 3 1 190 -1 -1 1 45 2009 2 5 8 11 
217 3 1 3150 -1 -1 0 -1 -1 -1 
218 1 3 640 -1 -1 1 9 2011 3 6 9 12 
219 1 1 1640 2 2013 0 -1 -1 -1 
220 1 1 1000 9 2008 0 -1 -1 -1 
221 4 3 13530 9 2013 0 -1 -1 -1 
222 1 1 2170 11 2008 0 -1 -1 -1 
223 4 3 2920 10 1995 1 27 2011 1 4 7 10 
224 4 3 7930 -1 -1 1 1 2013 1 4 7 10 
225 4 1 10180 5 2015 0 -1 -1 -1 
226 1 1 450 -1 -1 0 -1 -1 -1 
227 1 1 2370 -1 -1 0 -1 -1 -1 
228 4 3 10800 -1 -1 1 18 2011 2 5 8 11 
229 4 3 17410 4 2007 1 14 2011 1 4 7 10 
230 4 3 6680 9 2013 0 -1 -1 -1 
231 4 3 3840 10 2008 1 39 2010 2 5 8 11 
232 3 3 13570 5 2010 1 10 2013 3 6 9 12 
233 1 1 1890 -1 -1 0 -1 -1 -1 
234 4 1 4370 -1 -1 0 -1 -1 -1 
235 1 1 5710 3 2012 1 37 2009 1 4 7 10 
236 1 1 1000 11 2007 0 -1 -1 -1 
237 1 1 1420 11 2007 0 -1 -1 -1 
238 1 1 320 -1 -1 1 45 2009 2 5 8 11 
239 4 3 610 -1 -1 0 -1 -1 -1 
240 1 1 1110 5 2009 0 -1 -1 -1 
241 4 3 780 -1 -1 0 -1 -1 -1 
242 4 1 6880 9 2001 1 14 2011 1 4 7 10 
243 1 1 310 -1 -1 1 5 2013 2 5 8 11 
244 4 1 710 3 2012 1 1 2012 1 4 7 10 
245 1 3 1310 -1 -1 0 -1 -1 -1 
246 3 1 4660 4 2013 0 -1 -1 -1 
247 4 3 70 11 2010 1 5 2013 2 5 8 11 
248 1 3 340 9 2012 1 40 2012 1 4 7 10 
249 4 3 18010 9 2014 0 -1 -1 -1 
250 4 1 3520 -1 -1 1 18 2012 2 5 8 11 
251 1 3 340 -1 -1 0 -1 -1 -1 
252 4 3 22330 -1 -1 1 5 2010 2 5 8 11 
253 1 3 250 -1 -1 1 5 2013 2 5 8 11 
254 4 1 330 3 2008 1 1 2012 3 6 9 12 
255 3 3 4630 3 2011 1 35 2011 2 5 8 11 
256 1 3 80 9 2005 1 10 2014 3 6 9 12 
257 1 1 420 12 2012 0 -1 -1 -1 
258 1 1 27190 7 2010 1 37 2009 1 4 7 10 
259 2 2 210 -1 -1 0 -1 -1 -1 
260 1 1 540 10 2011 0 -1 -1 -1 
261 4 3 15340 4 2015 1 39 2009 1 4 7 10 
262 2 1 1180 5 2013 0 -1 -1 -1 
263 1 3 1140 5 2013 1 40 2014 1 4 7 10 
264 1 1 180 3 2014 0 -1 -1 -1 
265 1 1 4580 -1 -1 1 14 2015 1 4 7 10 
266 1 3 360 3 2014 1 9 2011 3 6 9 12 
267 3 1 2460 1 2012 0 -1 -1 -1 
268 1 1 4520 2 2014 0 -1 -1 -1 
269 1 3 60 6 2015 0 -1 -1 -1 
270 1 1 1450 7 2014 0 -1 -1 -1 
271 1 1 420 -1 -1 1 14 2011 1 4 7 10 
272 1 1 16180 7 2003 1 14 2011 1 4 7 10 
273 1 3 8480 -1 -1 0 -1 -1 -1 
274 2 2 3640 -1 -1 1 10 2013 1 4 7 10 
275 4 1 300 5 2014 1 40 2014 1 4 7 10 
276 1 1 2960 10 2014 1 36 2013 3 6 9 12 
277 4 3 7840 -1 -1 1 31 2009 2 5 8 11 
278 1 3 9260 2 2010 0 -1 -1 -1 
279 4 3 2320 -1 -1 1 40 2012 1 4 7 10 
280 4 3 18640 9 2013 1 10 2014 3 6 9 12 
281 4 3 6970 9 2011 0 -1 -1 -1 
282 1 1 1220 12 2010 0 -1 -1 -1 
283 1 1 2260 -1 -1 1 40 2014 1 4 7 10 
284 4 1 1290 -1 -1 1 40 2014 1 4 7 10 
285 1 1 2410 -1 -1 0 -1 -1 -1 
286 1 1 1460 4 2015 0 -1 -1 -1 
287 3 1 2740 5 2009 1 40 2014 1 4 7 10 
288 4 1 800 -1 -1 1 14 2011 3 6 9 12 
289 4 1 6540 12 2007 0 -1 -1 -1 
290 1 1 4150 5 2001 0 -1 -1 -1 
291 4 1 -1 -1 -1 0 -1 -1 -1 
292 1 1 1100 6 2009 0 -1 -1 -1 
293 3 3 140 11 2007 0 -1 -1 -1 
294 1 1 3150 5 2005 0 -1 -1 -1 
295 1 1 210 11 2000 1 36 2013 3 6 9 12 
296 1 1 9580 5 2007 1 45 2014 2 5 8 11 
297 1 1 2300 9 2010 0 -1 -1 -1 
298 4 1 19840 7 2009 0 -1 -1 -1 
299 4 3 38630 9 2012 0 -1 -1 -1 
300 1 3 120 4 2009 1 1 2012 1 4 7 10 
301 1 3 4510 3 2015 0 -1 -1 -1 
302 4 3 2190 12 2007 1 9 2011 3 6 9 12 
303 1 1 15430 11 2012 1 18 2011 2 5 8 11 
304 1 1 1950 7 2015 0 -1 -1 -1 
305 3 3 2470 2 2005 1 31 2013 3 6 9 12 
306 1 1 5100 4 2007 1 40 2014 1 4 7 10 
307 1 1 18660 9 2002 0 -1 -1 -1 
308 1 1 1070 12 2006 1 13 2010 1 4 7 10 
309 4 1 8740 -1 -1 1 37 2009 2 5 8 11 
310 1 3 2290 -1 -1 1 10 2014 3 6 9 12 
311 1 3 680 7 2005 0 -1 -1 -1 
312 4 1 11300 3 2012 0 -1 -1 -1 
313 4 3 14160 -1 -1 0 -1 -1 -1 
314 1 1 3560 10 2001 1 31 2013 2 5 8 11 
315 1 3 38710 4 2013 0 -1 -1 -1 
316 4 1 9000 8 2001 0 -1 -1 -1 
317 4 1 3140 7 2013 1 14 2011 1 4 7 10 
318 4 3 32330 3 2014 0 -1 -1 -1 
319 1 3 570 9 2012 1 27 2012 3 6 9 12 
320 1 3 210 9 2012 0 -1 -1 -1 
321 3 3 8140 11 2013 1 10 2014 3 6 9 12 
322 1 1 17500 4 2001 1 37 2009 1 4 7 10 
323 4 3 8400 4 2012 1 5 2013 2 5 8 11 
324 1 1 13140 -1 -1 1 14 2011 1 4 7 10 
325 1 3 350 3 2011 1 22 2011 2 5 8 11 
326 4 1 10070 5 2015 1 31 2013 2 5 8 11 
327 3 3 1390 12 2004 0 -1 -1 -1 
328 1 1 3130 7 2002 0 -1 -1 -1 
329 1 1 1310 6 1990 1 22 2012 3 6 9 12 
330 1 3 370 -1 -1 1 22 2012 3 6 9 12 
331 1 3 670 -1 -1 1 14 2015 1 4 7 10 
332 1 1 1840 3 2006 0 -1 -1 -1 
333 1 3 3720 2 2010 0 -1 -1 -1 
334 4 3 4040 8 2008 1 18 2013 3 6 9 12 
335 2 1 90 -1 -1 1 31 2013 1 4 7 10 
336 1 1 190 7 2014 0 -1 -1 -1 
337 4 3 10600 7 2005 1 45 2014 2 5 8 11 
338 1 3 1590 -1 -1 1 37 2009 1 4 7 10 
339 1 3 2280 -1 -1 1 10 2013 3 6 9 12 
340 1 3 8080 -1 -1 0 -1 -1 -1 
341 1 1 190 9 2011 0 -1 -1 -1 
342 4 3 15770 -1 -1 1 40 2014 1 4 7 10 
343 4 1 18650 4 2004 1 14 2014 1 4 7 10 
344 1 3 300 4 2011 1 14 2011 1 4 7 10 
345 1 1 120 -1 -1 1 22 2012 1 4 7 10 
346 1 3 8090 -1 -1 0 -1 -1 -1 
347 4 3 9360 7 2013 1 22 2012 3 6 9 12 
348 1 1 16490 -1 -1 1 22 2012 1 4 7 10 
349 3 3 1490 4 2009 0 -1 -1 -1 
350 4 1 8880 -1 -1 1 14 2011 1 4 7 10 
351 1 1 5290 11 2012 1 5 2013 2 5 8 11 
352 4 3 6360 -1 -1 1 40 2012 3 6 9 12 
353 2 2 900 -1 -1 1 14 2013 2 5 8 11 
354 4 3 1500 10 2005 0 -1 -1 -1 
355 1 3 9720 8 2013 0 -1 -1 -1 
356 4 3 8970 12 2007 1 22 2012 2 5 8 11 
357 1 1 2060 10 2008 0 -1 -1 -1 
358 1 1 2890 10 2003 0 -1 -1 -1 
359 4 3 4370 -1 -1 0 -1 -1 -1 
360 1 1 2040 6 2007 0 -1 -1 -1 
361 3 3 4490 5 2014 1 5 2013 2 5 8 11 
362 3 3 340 -1 -1 0 -1 -1 -1 
363 1 1 250 9 2009 0 -1 -1 -1 
364 1 3 13620 -1 -1 1 10 2014 3 6 9 12 
365 3 1 2410 -1 -1 1 45 2009 2 5 8 11 
366 4 3 6470 12 2004 0 -1 -1 -1 
367 4 3 2640 9 2012 0 -1 -1 -1 
368 4 3 1450 4 2005 1 45 2009 2 5 8 11 
369 4 3 5870 4 2014 0 -1 -1 -1 
370 4 1 8250 10 2000 1 31 2009 1 4 7 10 
371 4 3 1970 7 2009 1 45 2014 2 5 8 11 
372 4 3 4880 8 2010 1 18 2014 1 4 7 10 
373 4 3 11120 -1 -1 1 22 2012 1 4 7 10 
374 1 1 1150 9 2007 0 -1 -1 -1 
375 1 3 15710 2 2013 1 37 2009 1 4 7 10 
376 1 1 160 8 2012 0 -1 -1 -1 
377 1 3 100 6 2010 1 18 2010 2 5 8 11 
378 1 3 2140 8 2012 0 -1 -1 -1 
379 4 1 6630 -1 -1 0 -1 -1 -1 
380 1 1 2240 5 2013 1 10 2014 3 6 9 12 
381 1 1 1800 11 2006 1 5 2013 2 5 8 11 
382 3 3 26130 11 2002 0 -1 -1 -1 
383 1 3 350 -1 -1 0 -1 -1 -1 
384 1 3 130 -1 -1 1 14 2011 1 4 7 10 
385 4 1 4580 9 2007 0 -1 -1 -1 
386 4 3 1460 4 2014 1 31 2013 1 4 7 10 
387 3 1 210 -1 -1 1 36 2013 3 6 9 12 
388 1 1 2260 -1 -1 0 -1 -1 -1 
389 1 3 6690 8 2011 0 -1 -1 -1 
390 1 3 1600 4 2009 0 -1 -1 -1 
391 1 1 460 11 2014 1 31 2013 2 5 8 11 
392 1 1 2120 -1 -1 0 -1 -1 -1 
393 4 3 4820 3 2008 0 -1 -1 -1 
394 4 1 10850 -1 -1 0 -1 -1 -1 
395 1 1 3620 2 2013 0 -1 -1 -1 
396 1 3 23130 -1 -1 0 -1 -1 -1 
397 1 3 130 -1 -1 1 27 2013 2 5 8 11 
398 3 3 1540 -1 -1 1 1 2012 1 4 7 10 
399 1 1 5360 9 2012 1 40 2011 1 4 7 10 
400 1 1 70 11 2004 1 14 2011 1 4 7 10 
401 1 3 9200 10 2009 1 14 2012 1 4 7 10 
402 3 3 5830 9 2011 1 13 2010 1 4 7 10 
403 1 1 4970 7 2015 0 -1 -1 -1 
404 1 3 1420 -1 -1 1 10 2013 3 6 9 12 
405 1 1 1080 4 2008 1 14 2011 1 4 7 10 
406 4 3 8240 3 2001 1 10 2013 2 5 8 11 
407 1 1 5890 10 2003 1 14 2011 2 5 8 11 
408 3 1 1560 -1 -1 1 45 2009 2 5 8 11 
409 4 3 840 -1 -1 1 1 2013 1 4 7 10 
410 3 1 40 11 2011 1 22 2012 3 6 9 12 
411 4 3 8460 -1 -1 0 -1 -1 -1 
412 4 3 4460 -1 -1 1 39 2010 1 4 7 10 
413 1 3 760 9 2014 0 -1 -1 -1 
414 4 3 6210 -1 -1 1 1 2013 1 4 7 10 
415 4 3 6910 4 2005 0 -1 -1 -1 
416 1 3 4650 6 2014 0 -1 -1 -1 
417 1 3 840 -1 -1 1 10 2014 1 4 7 10 
418 1 1 1060 5 2009 1 27 2011 2 5 8 11 
419 3 1 1620 9 2009 0 -1 -1 -1 
420 4 3 250 -1 -1 1 27 2012 1 4 7 10 
421 3 3 3530 6 2012 1 35 2012 3 6 9 12 
422 1 3 2880 -1 -1 0 -1 -1 -1 
423 2 1 1270 5 2014 0 -1 -1 -1 
424 4 3 1250 -1 -1 1 40 2011 1 4 7 10 
425 4 3 1460 -1 -1 0 -1 -1 -1 
426 1 1 250 -1 -1 0 -1 -1 -1 
427 1 3 70 7 2005 1 13 2010 1 4 7 10 
428 4 1 2960 12 2014 1 23 2015 3 6 9 12 
429 4 3 16350 7 2005 1 31 2013 1 4 7 10 
430 4 3 12870 10 2008 0 -1 -1 -1 
431 4 3 4520 -1 -1 0 -1 -1 -1 
432 1 1 810 5 2013 0 -1 -1 -1 
433 1 3 30030 11 2010 0 -1 -1 -1 
434 1 1 13020 8 2003 1 40 2014 1 4 7 10 
435 1 1 910 -1 -1 0 -1 -1 -1 
436 4 1 2300 -1 -1 0 -1 -1 -1 
437 3 3 430 -1 -1 1 50 2010 1 4 7 10 
438 4 3 1110 -1 -1 1 40 2012 1 4 7 10 
439 1 1 1350 9 2009 0 -1 -1 -1 
440 4 1 3900 4 2005 1 45 2009 2 5 8 11 
441 4 1 2530 -1 -1 0 -1 -1 -1 
442 3 1 500 -1 -1 1 45 2009 2 5 8 11 
443 4 1 11400 12 2005 0 -1 -1 -1 
444 3 1 1700 11 2009 0 -1 -1 -1 
445 1 1 240 -1 -1 0 -1 -1 -1 
446 1 1 340 10 2000 1 31 2013 2 5 8 11 
447 1 3 1510 9 2013 0 -1 -1 -1 
448 1 3 3970 9 2009 0 -1 -1 -1 
449 1 3 120 12 2014 1 37 2009 1 4 7 10 
450 3 1 5780 11 1994 1 10 2014 3 6 9 12 
451 1 1 2460 4 2009 1 13 2010 1 4 7 10 
452 1 3 1850 8 2013 1 5 2011 2 5 8 11 
453 1 3 75860 -1 -1 0 -1 -1 -1 
454 1 1 26450 -1 -1 0 -1 -1 -1 
455 4 3 7660 9 2010 0 -1 -1 -1 
456 1 3 140 -1 -1 0 -1 -1 -1 
457 4 3 13140 -1 -1 1 31 2013 1 4 7 10 
458 3 1 3390 -1 -1 0 -1 -1 -1 
459 1 1 250 9 2008 1 5 2013 2 5 8 11 
460 1 1 34050 4 2008 0 -1 -1 -1 
461 4 3 1790 7 2013 1 40 2013 1 4 7 10 
462 1 1 44320 8 2008 0 -1 -1 -1 
463 1 1 4160 -1 -1 0 -1 -1 -1 
464 3 1 520 3 2009 0 -1 -1 -1 
465 4 3 10890 4 2005 0 -1 -1 -1 
466 1 3 3110 3 2003 0 -1 -1 -1 
467 1 3 20390 4 2008 0 -1 -1 -1 
468 3 3 5260 9 2012 0 -1 -1 -1 
469 3 3 710 9 2005 0 -1 -1 -1 
470 1 3 50 -1 -1 0 -1 -1 -1 
471 4 1 5300 -1 -1 1 45 2009 2 5 8 11 
472 3 3 5030 8 2011 0 -1 -1 -1 
473 1 1 50 -1 -1 0 -1 -1 -1 
474 3 1 14810 -1 -1 1 14 2011 3 6 9 12 
475 1 1 140 9 2005 0 -1 -1 -1 
476 4 1 8300 9 2006 0 -1 -1 -1 
477 4 1 770 7 2010 1 35 2010 1 4 7 10 
478 4 3 1940 3 2012 0 -1 -1 -1 
479 1 1 320 12 2005 1 9 2011 2 5 8 11 
480 1 1 300 11 2012 0 -1 -1 -1 
481 3 3 7470 -1 -1 1 44 2012 2 5 8 11 
482 3 1 2550 10 2005 0 -1 -1 -1 
483 1 3 2310 9 2011 1 13 2010 1 4 7 10 
484 1 3 14300 3 2011 0 -1 -1 -1 
485 4 3 3270 -1 -1 1 22 2012 1 4 7 10 
486 1 1 2320 -1 -1 1 31 2013 1 4 7 10 
487 4 3 2180 9 2012 1 40 2012 1 4 7 10 
488 1 3 2890 4 2014 0 -1 -1 -1 
489 1 1 14960 11 2013 1 37 2009 1 4 7 10 
490 1 1 660 4 2013 1 40 2014 1 4 7 10 
491 4 3 4680 -1 -1 1 22 2012 3 6 9 12 
492 1 1 1740 3 2008 1 40 2012 1 4 7 10 
493 4 3 1150 -1 -1 1 14 2011 1 4 7 10 
494 2 1 1260 6 2011 0 -1 -1 -1 
495 4 1 5470 -1 -1 1 37 2009 1 4 7 10 
496 4 3 2780 6 2015 0 -1 -1 -1 
497 1 3 1610 -1 -1 0 -1 -1 -1 
498 1 1 990 -1 -1 1 40 2014 1 4 7 10 
499 3 3 450 -1 -1 1 5 2013 2 5 8 11 
500 4 3 10690 9 2007 1 5 2013 1 4 7 10 
501 1 3 1620 9 2006 0 -1 -1 -1 
502 1 1 220 2 2002 1 37 2009 1 4 7 10 
503 4 3 13080 9 2006 1 14 2011 1 4 7 10 
504 3 3 820 -1 -1 0 -1 -1 -1 
505 1 1 350 -1 -1 1 5 2013 2 5 8 11 
506 1 1 1850 12 2014 1 18 2011 2 5 8 11 
507 1 3 9070 4 2011 1 37 2009 1 4 7 10 
508 1 3 1280 -1 -1 1 40 2011 1 4 7 10 
509 1 1 4740 7 2008 1 37 2009 1 4 7 10 
510 1 3 8260 -1 -1 0 -1 -1 -1 
511 1 1 2060 9 2009 0 -1 -1 -1 
512 2 2 590 -1 -1 1 5 2013 3 6 9 12 
513 1 1 400 8 2013 0 -1 -1 -1 
514 3 3 1200 7 2012 1 27 2012 1 4 7 10 
515 4 3 11260 -1 -1 1 9 2011 2 5 8 11 
516 1 3 20 -1 -1 1 35 2010 3 6 9 12 
517 1 3 22490 -1 -1 0 -1 -1 -1 
518 4 3 3330 3 2015 1 13 2010 1 4 7 10 
519 3 3 2510 8 2009 1 1 2012 1 4 7 10 
520 1 3 6900 -1 -1 1 40 2012 3 6 9 12 
521 4 1 18610 11 2002 1 48 2011 3 6 9 12 
522 4 3 7160 11 2012 1 9 2011 1 4 7 10 
523 3 3 50 11 2013 0 -1 -1 -1 
524 1 3 40860 9 2013 0 -1 -1 -1 
525 4 3 1870 9 2013 0 -1 -1 -1 
526 1 1 120 -1 -1 1 48 2011 3 6 9 12 
527 4 3 5830 4 2008 0 -1 -1 -1 
528 1 3 20620 -1 -1 1 37 2009 1 4 7 10 
529 4 3 12920 9 2012 0 -1 -1 -1 
530 1 3 18160 -1 -1 0 -1 -1 -1 
531 1 3 4030 -1 -1 0 -1 -1 -1 
532 1 3 1070 8 2010 0 -1 -1 -1 
533 1 3 5950 -1 -1 0 -1 -1 -1 
534 4 1 1200 9 2009 1 45 2009 1 4 7 10 
535 1 1 3570 4 2007 0 -1 -1 -1 
536 1 3 4700 9 2002 1 31 2013 2 5 8 11 
537 1 1 600 5 2002 1 1 2012 1 4 7 10 
538 1 1 990 2 2010 0 -1 -1 -1 
539 1 1 770 5 2013 1 40 2014 1 4 7 10 
540 4 3 810 -1 -1 1 48 2012 1 4 7 10 
541 1 3 650 7 1990 0 -1 -1 -1 
542 1 1 7280 9 2012 1 1 2013 1 4 7 10 
543 3 1 1080 12 2012 0 -1 -1 -1 
544 1 1 250 12 2001 1 13 2010 1 4 7 10 
545 1 3 5020 5 2006 1 18 2014 2 5 8 11 
546 1 1 580 1 2005 0 -1 -1 -1 
547 4 3 8990 11 2009 1 35 2010 3 6 9 12 
548 4 3 3760 2 2009 0 -1 -1 -1 
549 1 3 2330 -1 -1 0 -1 -1 -1 
550 4 3 50 6 2015 0 -1 -1 -1 
551 1 3 2190 9 2013 0 -1 -1 -1 
552 1 1 4260 7 2008 1 37 2009 1 4 7 10 
553 3 1 3040 9 2002 1 13 2010 1 4 7 10 
554 3 3 1200 -1 -1 0 -1 -1 -1 
555 4 1 1560 1 2014 1 10 2013 3 6 9 12 
556 4 3 1140 11 2014 0 -1 -1 -1 
557 1 1 250 -1 -1 0 -1 -1 -1 
558 1 1 3000 2 2010 0 -1 -1 -1 
559 4 1 3910 11 2006 1 5 2013 2 5 8 11 
560 3 3 1910 7 2013 0 -1 -1 -1 
561 4 1 14300 -1 -1 0 -1 -1 -1 
562 2 3 1210 -1 -1 0 -1 -1 -1 
563 1 1 700 3 2015 1 10 2014 1 4 7 10 
564 4 3 6540 -1 -1 1 14 2013 1 4 7 10 
565 1 3 160 7 2007 0 -1 -1 -1 
566 1 1 3620 -1 -1 1 40 2013 1 4 7 10 
567 3 1 1010 9 2012 1 18 2011 2 5 8 11 
568 4 3 4270 -1 -1 1 1 2013 1 4 7 10 
569 1 1 1340 9 2006 0 -1 -1 -1 
570 1 1 180 11 2006 0 -1 -1 -1 
571 4 1 2110 11 1995 1 40 2014 1 4 7 10 
572 4 3 9230 4 2004 1 37 2009 1 4 7 10 
573 1 1 1190 11 2012 1 36 2013 1 4 7 10 
574 4 1 4400 -1 -1 0 -1 -1 -1 
575 1 1 960 5 2008 1 13 2010 1 4 7 10 
576 3 1 50 11 2006 0 -1 -1 -1 
577 1 3 2270 -1 -1 1 35 2012 3 6 9 12 
578 4 1 12700 4 2013 0 -1 -1 -1 
579 3 1 20970 11 2012 0 -1 -1 -1 
580 1 3 170 2 2009 0 -1 -1 -1 
581 1 1 7250 12 2013 0 -1 -1 -1 
582 1 1 120 -1 -1 0 -1 -1 -1 
583 1 1 2640 11 2002 0 -1 -1 -1 
584 4 1 1360 -1 -1 1 35 2010 3 6 9 12 
585 4 3 440 4 2014 0 -1 -1 -1 
586 1 3 250 10 2008 0 -1 -1 -1 
587 4 3 330 9 2006 1 14 2011 1 4 7 10 
588 4 3 15720 3 2010 0 -1 -1 -1 
589 1 3 360 -1 -1 1 18 2013 2 5 8 11 
590 4 3 4520 9 2010 1 31 2013 1 4 7 10 
591 1 3 3340 -1 -1 1 22 2012 3 6 9 12 
592 1 1 2540 6 2005 0 -1 -1 -1 
593 1 3 33060 3 2010 0 -1 -1 -1 
594 1 1 1790 10 2011 0 -1 -1 -1 
595 3 3 1130 6 2015 0 -1 -1 -1 
596 3 1 290 9 2006 0 -1 -1 -1 
597 1 1 150 9 2008 1 1 2012 3 6 9 12 
598 3 1 550 12 2013 1 40 2014 1 4 7 10 
599 4 3 580 11 2014 0 -1 -1 -1 
600 4 3 17340 6 2010 1 9 2011 2 5 8 11 
601 4 1 8220 4 2014 1 14 2011 1 4 7 10 
602 1 1 2710 7 2001 1 22 2012 3 6 9 12 
603 1 1 340 4 2007 1 13 2010 1 4 7 10 
604 4 1 10950 3 2014 0 -1 -1 -1 
605 4 1 10310 4 2003 1 37 2009 1 4 7 10 
606 1 1 2260 11 2007 0 -1 -1 -1 
607 1 1 350 8 1999 1 14 2011 1 4 7 10 
608 1 3 18370 2 2013 1 14 2011 1 4 7 10 
609 1 1 2070 9 2007 0 -1 -1 -1 
610 1 1 660 1 2007 0 -1 -1 -1 
611 1 1 8080 12 2002 1 40 2014 1 4 7 10 
612 4 3 2490 11 2012 1 31 2009 1 4 7 10 
613 3 1 250 6 2007 1 14 2011 1 4 7 10 
614 1 1 1160 12 2012 0 -1 -1 -1 
615 4 1 730 8 2007 0 -1 -1 -1 
616 1 3 3040 8 2011 1 35 2010 3 6 9 12 
617 1 3 8940 -1 -1 1 9 2011 1 4 7 10 
618 4 3 9910 -1 -1 0 -1 -1 -1 
619 1 1 1600 6 2006 1 45 2009 2 5 8 11 
620 4 3 5440 -1 -1 1 40 2014 1 4 7 10 
621 1 1 30 7 2002 0 -1 -1 -1 
622 1 3 -1 -1 -1 0 -1 -1 -1 
623 1 1 4080 3 2011 1 13 2010 1 4 7 10 
624 1 3 6920 9 2011 0 -1 -1 -1 
625 1 1 1170 4 2011 1 22 2012 2 5 8 11 
626 3 3 10740 11 2013 0 -1 -1 -1 
627 3 3 3970 3 2010 0 -1 -1 -1 
628 1 3 2180 -1 -1 0 -1 -1 -1 
629 4 1 510 7 2014 1 23 2015 3 6 9 12 
630 1 1 1690 4 2015 0 -1 -1 -1 
631 4 3 2870 -1 -1 1 35 2012 3 6 9 12 
632 1 1 3350 2 2010 0 -1 -1 -1 
633 4 1 11640 4 2005 1 22 2011 1 4 7 10 
634 4 1 18610 -1 -1 0 -1 -1 -1 
635 1 1 27530 4 2014 0 -1 -1 -1 
636 3 1 720 10 2004 1 13 2010 1 4 7 10 
637 4 3 9790 -1 -1 1 31 2009 2 5 8 11 
638 4 1 10170 11 2001 0 -1 -1 -1 
639 1 1 7780 11 2006 0 -1 -1 -1 
640 4 3 8040 -1 -1 0 -1 -1 -1 
641 1 3 610 12 2003 1 36 2013 3 6 9 12 
642 3 3 530 4 2005 1 35 2010 3 6 9 12 
643 1 1 230 6 2010 1 18 2010 2 5 8 11 
644 3 1 4030 12 2004 1 14 2011 1 4 7 10 
645 1 1 90 -1 -1 1 45 2009 2 5 8 11 
646 1 1 620 9 2014 0 -1 -1 -1 
647 1 3 7420 4 2013 0 -1 -1 -1 
648 4 1 2130 12 2008 0 -1 -1 -1 
649 1 1 14570 11 2002 0 -1 -1 -1 
650 1 1 1420 10 2012 1 40 2014 1 4 7 10 
651 1 1 200 -1 -1 0 -1 -1 -1 
652 1 1 20390 -1 -1 0 -1 -1 -1 
653 4 3 7520 7 2014 1 45 2009 2 5 8 11 
654 3 1 6930 9 2006 0 -1 -1 -1 
655 4 3 960 11 2012 1 5 2013 2 5 8 11 
656 4 1 410 4 2009 1 13 2010 1 4 7 10 
657 3 3 80 1 2006 1 10 2014 1 4 7 10 
658 4 3 520 -1 -1 1 37 2009 1 4 7 10 
659 4 1 1590 3 2012 0 -1 -1 -1 
660 1 1 1200 11 2006 1 40 2014 1 4 7 10 
661 4 3 2140 7 2013 0 -1 -1 -1 
662 4 1 1070 -1 -1 0 -1 -1 -1 
663 1 3 7860 5 2005 0 -1 -1 -1 
664 4 3 1680 10 2005 0 -1 -1 -1 
665 1 1 90 12 2012 1 14 2011 1 4 7 10 
666 3 3 2700 -1 -1 1 9 2011 3 6 9 12 
667 4 3 2870 9 2012 0 -1 -1 -1 
668 3 1 1270 9 2010 0 -1 -1 -1 
669 4 1 17080 7 2012 1 31 2013 1 4 7 10 
670 1 1 2060 -1 -1 1 45 2009 2 5 8 11 
671 1 3 2070 2 2008 1 39 2010 1 4 7 10 
672 3 1 240 9 2002 0 -1 -1 -1 
673 4 3 15170 -1 -1 1 5 2013 2 5 8 11 
674 1 1 2640 12 2005 1 31 2013 2 5 8 11 
675 1 1 2100 8 2013 1 14 2011 1 4 7 10 
676 2 2 1410 9 2008 0 -1 -1 -1 
677 4 1 1740 6 2014 1 45 2009 2 5 8 11 
678 3 1 3250 -1 -1 1 40 2011 1 4 7 10 
679 1 1 4140 9 2012 0 -1 -1 -1 
680 3 1 170 -1 -1 1 35 2012 3 6 9 12 
681 1 3 620 -1 -1 1 1 2014 3 6 9 12 
682 2 1 150 9 2006 0 -1 -1 -1 
683 1 1 2850 7 2014 0 -1 -1 -1 
684 4 3 680 -1 -1 1 22 2012 1 4 7 10 
685 1 1 650 11 2013 1 37 2009 1 4 7 10 
686 1 1 20050 4 2002 0 -1 -1 -1 
687 4 3 2770 -1 -1 0 -1 -1 -1 
688 1 1 18760 8 2015 1 14 2011 1 4 7 10 
689 4 1 15040 10 2004 0 -1 -1 -1 
690 1 1 100 -1 -1 0 -1 -1 -1 
691 4 3 3030 -1 -1 1 37 2009 1 4 7 10 
692 1 1 40 8 2001 0 -1 -1 -1 
693 4 1 450 -1 -1 1 40 2011 1 4 7 10 
694 1 3 460 11 2012 1 40 2014 1 4 7 10 
695 1 1 550 7 2011 1 1 2012 1 4 7 10 
696 1 3 430 -1 -1 0 -1 -1 -1 
697 4 1 3780 -1 -1 1 40 2011 1 4 7 10 
698 1 1 1790 5 2011 0 -1 -1 -1 
699 1 1 180 -1 -1 1 5 2013 1 4 7 10 
700 1 3 830 -1 -1 1 27 2013 1 4 7 10 
701 4 1 1450 3 2012 1 14 2011 1 4 7 10 
702 1 1 8550 9 2001 1 45 2009 2 5 8 11 
703 1 1 80 6 2005 0 -1 -1 -1 
704 4 3 1910 4 2009 0 -1 -1 -1 
705 1 1 4140 9 2012 1 18 2011 2 5 8 11 
706 4 1 7830 9 2014 1 10 2014 3 6 9 12 
707 1 3 2900 7 1990 0 -1 -1 -1 
708 3 3 11470 10 2009 1 18 2014 1 4 7 10 
709 1 1 500 12 2010 0 -1 -1 -1 
710 4 1 1500 9 2008 1 14 2011 1 4 7 10 
711 4 1 17110 3 2007 1 5 2010 1 4 7 10 
712 1 1 4870 9 2007 1 45 2009 1 4 7 10 
713 1 3 220 -1 -1 1 10 2014 1 4 7 10 
714 4 3 12070 10 2005 1 10 2013 1 4 7 10 
715 1 1 14810 6 2014 0 -1 -1 -1 
716 4 1 3200 1 2008 1 22 2011 1 4 7 10 
717 4 3 310 -1 -1 1 40 2011 1 4 7 10 
718 1 1 1100 6 2015 0 -1 -1 -1 
719 3 3 8190 -1 -1 1 45 2009 2 5 8 11 
720 1 3 15320 3 2011 1 14 2013 2 5 8 11 
721 1 3 3590 9 2012 1 22 2012 3 6 9 12 
722 1 1 50 -1 -1 0 -1 -1 -1 
723 4 3 5650 9 2008 1 5 2013 2 5 8 11 
724 4 3 5900 -1 -1 0 -1 -1 -1 
725 4 3 17540 6 2012 0 -1 -1 -1 
726 1 3 40540 2 2002 0 -1 -1 -1 
727 1 1 2050 3 2007 0 -1 -1 -1 
728 4 1 13990 -1 -1 1 14 2011 1 4 7 10 
729 3 3 8980 6 2011 0 -1 -1 -1 
730 3 1 1190 9 2013 0 -1 -1 -1 
731 1 1 15270 -1 -1 1 10 2014 1 4 7 10 
732 1 3 35280 -1 -1 0 -1 -1 -1 
733 2 2 860 10 1999 0 -1 -1 -1 
734 1 1 220 -1 -1 1 36 2013 3 6 9 12 
735 4 3 1920 4 2005 0 -1 -1 -1 
736 3 3 1650 -1 -1 1 14 2011 1 4 7 10 
737 1 1 100 5 2007 1 31 2013 1 4 7 10 
738 4 3 5980 10 2005 0 -1 -1 -1 
739 4 3 2770 6 2008 1 22 2011 1 4 7 10 
740 4 1 6400 3 2014 0 -1 -1 -1 
741 4 3 11900 -1 -1 0 -1 -1 -1 
742 4 3 4380 -1 -1 0 -1 -1 -1 
743 1 1 6710 11 2003 1 14 2012 1 4 7 10 
744 1 1 1370 12 2011 1 40 2014 1 4 7 10 
745 1 1 17650 11 2013 1 37 2009 1 4 7 10 
746 4 3 4330 2 2011 1 35 2011 3 6 9 12 
747 3 3 45740 8 2008 0 -1 -1 -1 
748 4 1 2380 3 2010 1 14 2011 1 4 7 10 
749 1 1 3410 8 2011 1 14 2015 1 4 7 10 
750 4 1 8670 2 2002 1 14 2011 1 4 7 10 
751 1 1 650 10 2006 0 -1 -1 -1 
752 1 1 970 3 2013 1 31 2013 2 5 8 11 
753 4 3 540 11 2012 1 35 2010 3 6 9 12 
754 3 3 380 5 2008 1 10 2014 3 6 9 12 
755 4 3 13130 12 2003 0 -1 -1 -1 
756 1 3 50 -1 -1 1 40 2011 1 4 7 10 
757 1 3 3450 -1 -1 0 -1 -1 -1 
758 1 3 19780 6 2008 0 -1 -1 -1 
759 1 1 110 11 2012 1 31 2013 2 5 8 11 
760 1 1 560 1 2011 0 -1 -1 -1 
761 1 1 2390 9 2012 0 -1 -1 -1 
762 4 3 1280 -1 -1 1 10 2013 3 6 9 12 
763 4 3 32240 3 2010 0 -1 -1 -1 
764 1 3 26490 -1 -1 1 10 2014 3 6 9 12 
765 1 3 25430 5 1999 1 37 2009 1 4 7 10 
766 4 3 9820 -1 -1 0 -1 -1 -1 
767 1 3 13080 -1 -1 0 -1 -1 -1 
768 1 3 2630 9 2012 0 -1 -1 -1 
769 2 2 840 -1 -1 1 48 2012 1 4 7 10 
770 1 3 100 4 2015 0 -1 -1 -1 
771 1 1 20640 9 2007 0 -1 -1 -1 
772 4 3 1850 -1 -1 0 -1 -1 -1 
773 1 1 200 -1 -1 0 -1 -1 -1 
774 1 3 640 9 2013 0 -1 -1 -1 
775 4 3 6970 12 2005 1 22 2011 1 4 7 10 
776 3 1 700 4 2009 1 14 2011 1 4 7 10 
777 4 3 8250 10 2004 1 10 2013 3 6 9 12 
778 1 1 340 6 2003 1 40 2014 1 4 7 10 
779 1 1 16990 4 2004 0 -1 -1 -1 
780 1 1 18160 -1 -1 0 -1 -1 -1 
781 1 1 630 4 2007 0 -1 -1 -1 
782 3 3 5390 8 2003 1 1 2012 1 4 7 10 
783 4 3 15490 -1 -1 0 -1 -1 -1 
784 1 1 560 10 2014 1 10 2014 1 4 7 10 
785 4 3 970 7 2005 1 31 2013 2 5 8 11 
786 1 1 290 11 2006 1 5 2013 2 5 8 11 
787 3 3 3210 6 2009 0 -1 -1 -1 
788 1 3 1530 3 2013 0 -1 -1 -1 
789 1 3 9770 7 2003 0 -1 -1 -1 
790 4 3 9070 12 2003 0 -1 -1 -1 
791 1 1 5950 4 2007 0 -1 -1 -1 
792 4 1 17280 10 2009 1 18 2011 2 5 8 11 
793 4 1 2710 7 2006 0 -1 -1 -1 
794 3 3 5090 9 2006 0 -1 -1 -1 
795 4 1 510 -1 -1 1 35 2010 3 6 9 12 
796 1 3 7180 11 2012 0 -1 -1 -1 
797 1 1 2090 10 2012 1 40 2014 1 4 7 10 
798 1 1 9560 4 2001 0 -1 -1 -1 
799 1 3 2700 -1 -1 0 -1 -1 -1 
800 4 1 2020 7 2014 0 -1 -1 -1 
801 4 1 48330 4 2013 0 -1 -1 -1 
802 1 3 910 -1 -1 1 22 2011 2 5 8 11 
803 4 1 1760 -1 -1 1 10 2014 3 6 9 12 
804 3 3 2100 -1 -1 1 1 2013 1 4 7 10 
805 4 1 24770 10 2011 1 10 2014 3 6 9 12 
806 4 1 260 -1 -1 1 44 2010 2 5 8 11 
807 1 1 3870 4 2008 0 -1 -1 -1 
808 1 1 18620 -1 -1 1 31 2009 2 5 8 11 
809 1 1 12770 10 2000 0 -1 -1 -1 
810 4 3 9640 11 2013 0 -1 -1 -1 
811 1 1 410 9 2012 0 -1 -1 -1 
812 4 1 2590 9 2012 0 -1 -1 -1 
813 1 1 1560 9 2003 0 -1 -1 -1 
814 4 3 24530 7 2013 0 -1 -1 -1 
815 1 1 590 1 1900 1 40 2014 1 4 7 10 
816 3 3 460 -1 -1 0 -1 -1 -1 
817 1 1 140 3 2006 0 -1 -1 -1 
818 4 1 490 -1 -1 1 35 2010 3 6 9 12 
819 1 3 720 10 2014 0 -1 -1 -1 
820 1 3 1650 -1 -1 1 40 2014 1 4 7 10 
821 1 1 1700 9 2009 0 -1 -1 -1 
822 1 3 410 11 2010 1 48 2010 3 6 9 12 
823 1 3 16210 11 2010 0 -1 -1 -1 
824 1 1 17570 -1 -1 0 -1 -1 -1 
825 1 1 380 5 2011 1 40 2014 1 4 7 10 
826 1 3 7980 6 2005 0 -1 -1 -1 
827 1 3 250 1 2005 0 -1 -1 -1 
828 4 3 3290 12 2014 0 -1 -1 -1 
829 3 1 110 -1 -1 0 -1 -1 -1 
830 1 3 6320 -1 -1 1 5 2011 1 4 7 10 
831 1 1 800 6 2007 0 -1 -1 -1 
832 4 1 5070 -1 -1 1 45 2009 2 5 8 11 
833 4 3 3290 12 1999 1 35 2010 3 6 9 12 
834 1 1 3470 3 2012 0 -1 -1 -1 
835 1 1 2890 12 2007 1 10 2014 3 6 9 12 
836 1 1 2720 9 2012 0 -1 -1 -1 
837 1 3 14600 4 2015 0 -1 -1 -1 
838 4 3 6890 -1 -1 1 48 2011 3 6 9 12 
839 3 1 240 1 2015 0 -1 -1 -1 
840 1 1 1070 9 2009 0 -1 -1 -1 
841 1 1 27650 8 2004 0 -1 -1 -1 
842 4 3 1200 11 2007 0 -1 -1 -1 
843 3 1 60 4 2006 0 -1 -1 -1 
844 1 1 2030 9 2012 1 18 2011 2 5 8 11 
845 4 1 7860 11 2005 1 14 2011 1 4 7 10 
846 1 3 8860 4 2004 1 37 2009 1 4 7 10 
847 3 3 190 -1 -1 1 31 2013 2 5 8 11 
848 1 3 370 7 2007 1 14 2011 1 4 7 10 
849 3 3 5000 -1 -1 0 -1 -1 -1 
850 4 1 1120 5 2007 1 31 2013 1 4 7 10 
851 4 3 2330 -1 -1 1 49 2014 3 6 9 12 
852 3 1 940 4 2004 1 14 2011 1 4 7 10 
853 1 1 14040 -1 -1 0 -1 -1 -1 
854 3 1 4770 -1 -1 1 13 2010 1 4 7 10 
855 1 1 3440 -1 -1 1 45 2009 2 5 8 11 
856 1 1 3020 2 2010 0 -1 -1 -1 
857 3 1 6270 8 2005 1 23 2014 3 6 9 12 
858 1 1 3370 12 2008 1 40 2014 1 4 7 10 
859 3 1 21770 7 2015 0 -1 -1 -1 
860 3 3 5980 2 2010 0 -1 -1 -1 
861 3 3 740 -1 -1 1 14 2013 3 6 9 12 
862 1 3 2840 3 2010 1 14 2011 1 4 7 10 
863 1 3 21370 11 2010 0 -1 -1 -1 
864 1 1 1020 10 2012 1 45 2009 2 5 8 11 
865 4 3 2640 -1 -1 0 -1 -1 -1 
866 4 1 9680 -1 -1 1 5 2013 2 5 8 11 
867 4 3 21810 9 2012 0 -1 -1 -1 
868 4 3 1360 8 2005 1 10 2014 1 4 7 10 
869 3 1 230 10 2001 1 14 2011 1 4 7 10 
870 1 1 780 4 2009 0 -1 -1 -1 
871 4 3 10620 -1 -1 0 -1 -1 -1 
872 1 3 3860 9 2014 1 23 2015 3 6 9 12 
873 1 1 2040 11 2008 0 -1 -1 -1 
874 1 1 3210 -1 -1 0 -1 -1 -1 
875 4 1 5070 11 2007 1 18 2015 2 5 8 11 
876 1 1 21790 4 2005 1 18 2015 2 5 8 11 
877 1 3 29190 -1 -1 0 -1 -1 -1 
878 4 3 1100 12 2014 0 -1 -1 -1 
879 4 1 -1 -1 -1 1 5 2013 2 5 8 11 
880 1 3 4570 -1 -1 0 -1 -1 -1 
881 1 1 180 3 2008 1 31 2013 2 5 8 11 
882 1 1 30 4 2013 0 -1 -1 -1 
883 1 1 3200 6 2005 0 -1 -1 -1 
884 4 3 7550 -1 -1 0 -1 -1 -1 
885 1 1 480 12 2005 0 -1 -1 -1 
886 1 3 12430 10 2004 0 -1 -1 -1 
887 4 1 19700 -1 -1 1 37 2009 1 4 7 10 
888 4 1 4450 6 2012 1 35 2012 3 6 9 12 
889 4 1 18670 12 2005 0 -1 -1 -1 
890 1 1 4450 -1 -1 1 14 2011 1 4 7 10 
891 1 3 350 -1 -1 1 31 2013 2 5 8 11 
892 1 1 19370 4 2002 0 -1 -1 -1 
893 1 1 130 -1 -1 1 1 2013 1 4 7 10 
894 1 1 190 11 2012 0 -1 -1 -1 
895 1 3 4150 -1 -1 0 -1 -1 -1 
896 1 3 170 9 2012 0 -1 -1 -1 
897 3 3 3290 1 2007 1 5 2013 2 5 8 11 
898 1 1 18540 -1 -1 0 -1 -1 -1 
899 4 1 2590 -1 -1 1 13 2010 1 4 7 10 
900 1 1 3920 4 2005 1 40 2014 1 4 7 10 
901 1 3 3170 4 2014 0 -1 -1 -1 
902 1 1 310 5 2015 1 40 2014 1 4 7 10 
903 4 3 7290 9 2014 0 -1 -1 -1 
904 4 3 570 7 2013 1 14 2011 1 4 7 10 
905 1 1 90 6 2014 0 -1 -1 -1 
906 1 1 90 7 2010 0 -1 -1 -1 
907 1 3 250 -1 -1 0 -1 -1 -1 
908 1 1 1980 7 2010 1 37 2009 1 4 7 10 
909 1 3 1680 -1 -1 1 45 2009 2 5 8 11 
910 4 3 12480 -1 -1 1 1 2013 1 4 7 10 
911 1 3 16490 -1 -1 0 -1 -1 -1 
912 3 3 3100 5 2010 0 -1 -1 -1 
913 1 1 280 -1 -1 0 -1 -1 -1 
914 3 3 2640 4 2011 1 22 2012 3 6 9 12 
915 4 3 650 3 2013 1 40 2014 1 4 7 10 
916 1 1 90 11 2012 0 -1 -1 -1 
917 1 1 7240 2 2010 0 -1 -1 -1 
918 1 3 18710 4 2015 0 -1 -1 -1 
919 1 1 2620 -1 -1 1 45 2009 2 5 8 11 
920 1 1 850 2 2012 1 40 2014 1 4 7 10 
921 1 1 840 9 2006 0 -1 -1 -1 
922 4 1 2110 3 2006 0 -1 -1 -1 
923 1 1 280 9 2008 0 -1 -1 -1 
924 1 1 6420 4 2011 1 1 2012 1 4 7 10 
925 3 1 470 3 2007 1 1 2012 1 4 7 10 
926 4 3 5150 3 2011 1 13 2010 1 4 7 10 
927 1 1 480 -1 -1 0 -1 -1 -1 
928 4 3 1090 -1 -1 1 31 2013 2 5 8 11 
929 1 3 4820 9 2013 0 -1 -1 -1 
930 1 1 70 -1 -1 0 -1 -1 -1 
931 1 3 1480 9 2011 1 1 2012 1 4 7 10 
932 1 1 15700 -1 -1 1 13 2010 1 4 7 10 
933 1 3 6270 2 2005 0 -1 -1 -1 
934 1 3 5460 -1 -1 1 14 2011 1 4 7 10 
935 1 3 22350 6 2010 0 -1 -1 -1 
936 1 1 580 2 2008 0 -1 -1 -1 
937 4 1 2810 -1 -1 1 10 2014 1 4 7 10 
938 1 1 2820 9 2009 0 -1 -1 -1 
939 4 1 1340 -1 -1 0 -1 -1 -1 
940 4 3 6470 9 2012 0 -1 -1 -1 
941 1 1 1200 12 2011 1 31 2013 1 4 7 10 
942 4 3 6860 -1 -1 1 18 2011 1 4 7 10 
943 4 3 18020 -1 -1 0 -1 -1 -1 
944 3 1 1670 7 2015 0 -1 -1 -1 
945 1 3 12480 3 2011 0 -1 -1 -1 
946 1 1 2220 12 2011 1 14 2015 1 4 7 10 
947 1 1 460 3 2014 1 13 2010 1 4 7 10 
948 2 2 1430 -1 -1 0 -1 -1 -1 
949 1 1 870 3 2006 0 -1 -1 -1 
950 1 1 8460 11 1994 0 -1 -1 -1 
951 4 3 710 -1 -1 1 40 2011 1 4 7 10 
952 4 3 6300 10 2013 0 -1 -1 -1 
953 1 1 19830 4 2006 1 22 2011 3 6 9 12 
954 1 1 390 2 2013 1 10 2014 1 4 7 10 
955 4 3 1690 7 2009 1 36 2013 3 6 9 12 
956 1 1 2330 10 2014 1 18 2011 2 5 8 11 
957 4 3 1420 11 2012 0 -1 -1 -1 
958 1 1 440 11 2013 0 -1 -1 -1 
959 1 3 1060 12 2005 0 -1 -1 -1 
960 4 1 8990 -1 -1 1 31 2009 2 5 8 11 
961 4 3 9430 -1 -1 0 -1 -1 -1 
962 3 1 260 -1 -1 0 -1 -1 -1 
963 1 3 23620 11 2013 0 -1 -1 -1 
964 1 1 270 -1 -1 1 5 2013 2 5 8 11 
965 1 3 110 -1 -1 0 -1 -1 -1 
966 1 1 760 2 2008 0 -1 -1 -1 
967 1 3 3560 9 2013 1 36 2013 1 4 7 10 
968 3 1 1190 -1 -1 0 -1 -1 -1 
969 1 3 600 11 1999 1 10 2013 1 4 7 10 
970 1 1 910 12 2014 1 37 2009 1 4 7 10 
971 3 1 1140 5 2011 1 14 2012 3 6 9 12 
972 1 1 14960 -1 -1 0 -1 -1 -1 
973 4 3 330 -1 -1 1 28 2012 1 4 7 10 
974 1 1 150 3 2011 1 40 2014 1 4 7 10 
975 1 3 9630 -1 -1 1 14 2011 1 4 7 10 
976 1 1 4180 -1 -1 0 -1 -1 -1 
977 1 1 520 9 2005 1 13 2010 1 4 7 10 
978 3 3 3890 -1 -1 0 -1 -1 -1 
979 1 3 2270 11 2005 1 14 2011 1 4 7 10 
980 1 1 4420 9 2005 0 -1 -1 -1 
981 4 3 2620 11 2002 0 -1 -1 -1 
982 4 1 21930 -1 -1 0 -1 -1 -1 
983 1 1 40 3 2014 1 1 2014 1 4 7 10 
984 3 1 440 -1 -1 1 1 2013 1 4 7 10 
985 3 3 490 5 2007 1 13 2010 1 4 7 10 
986 1 1 620 10 2014 1 18 2014 2 5 8 11 
987 3 1 1690 6 2007 0 -1 -1 -1 
988 1 1 30 11 2012 0 -1 -1 -1 
989 1 1 1640 6 2006 1 40 2011 1 4 7 10 
990 4 1 20930 -1 -1 0 -1 -1 -1 
991 1 1 1010 -1 -1 0 -1 -1 -1 
992 1 1 2480 7 1990 0 -1 -1 -1 
993 4 3 3460 10 2013 1 10 2014 1 4 7 10 
994 1 1 2290 7 2011 1 1 2012 1 4 7 10 
995 4 1 6560 12 2013 0 -1 -1 -1 
996 3 1 2870 7 2015 1 13 2010 1 4 7 10 
997 4 3 5840 7 2010 1 37 2009 1 4 7 10 
998 1 1 780 9 2005 1 5 2013 2 5 8 11 
999 4 3 15140 2 2002 1 37 2009 1 4 7 10 
1000 1 3 2230 5 2009 1 40 2014 1 4 7 10 
1001 3 1 19640 -1 -1 1 14 2011 1 4 7 10 
1002 4 3 1130 11 2008 0 -1 -1 -1 
1003 1 1 170 7 2013 1 27 2013 1 4 7 10 
1004 4 3 970 -1 -1 1 9 2011 3 6 9 12 
1005 1 1 6480 -1 -1 0 -1 -1 -1 
1006 3 3 3890 11 2006 1 5 2013 2 5 8 11 
1007 3 3 4180 9 2012 0 -1 -1 -1 
1008 1 3 30 9 2010 0 -1 -1 -1 
1009 1 1 230 7 2004 1 10 2014 1 4 7 10 
1010 4 3 4610 6 2010 1 18 2010 2 5 8 11 
1011 1 3 490 9 2012 1 18 2011 2 5 8 11 
1012 4 3 6330 6 2004 1 39 2010 1 4 7 10 
1013 1 1 630 2 2015 1 31 2013 2 5 8 11 
1014 1 3 210 -1 -1 1 31 2013 1 4 7 10 
1015 4 3 9910 12 2010 1 9 2011 3 6 9 12 
1016 3 3 550 -1 -1 1 35 2010 3 6 9 12 
1017 3 1 110 11 2008 0 -1 -1 -1 
1018 3 3 140 9 2012 0 -1 -1 -1 
1019 4 3 2740 7 2014 1 13 2010 1 4 7 10 
1020 1 1 40 8 2015 0 -1 -1 -1 
1021 1 1 1080 5 2011 0 -1 -1 -1 
1022 1 3 1520 -1 -1 0 -1 -1 -1 
1023 3 1 3740 2 2002 1 14 2011 1 4 7 10 
1024 3 3 1990 1 2012 0 -1 -1 -1 
1025 1 1 720 11 2009 0 -1 -1 -1 
1026 3 1 450 6 2011 1 48 2012 3 6 9 12 
1027 1 3 190 6 2008 1 40 2011 1 4 7 10 
1028 1 1 150 -1 -1 1 31 2013 1 4 7 10 
1029 1 1 1590 3 2006 0 -1 -1 -1 
1030 1 1 36410 4 2008 0 -1 -1 -1 
1031 4 1 590 5 2001 0 -1 -1 -1 
1032 4 3 270 2 2013 1 40 2012 1 4 7 10 
1033 1 1 7680 3 2006 0 -1 -1 -1 
1034 1 1 13750 4 2015 0 -1 -1 -1 
1035 1 1 27150 -1 -1 0 -1 -1 -1 
1036 4 3 9560 -1 -1 1 36 2013 1 4 7 10 
1037 1 3 150 -1 -1 0 -1 -1 -1 
1038 4 1 17290 10 2013 0 -1 -1 -1 
1039 1 3 70 6 1990 1 22 2012 3 6 9 12 
1040 1 1 4030 2 2013 1 10 2014 1 4 7 10 
1041 3 1 1600 8 2013 1 40 2014 1 4 7 10 
1042 1 1 3440 -1 -1 1 31 2013 2 5 8 11 
1043 3 1 420 3 2006 0 -1 -1 -1 
1044 3 1 240 4 2015 1 13 2010 1 4 7 10 
1045 1 3 26990 12 2013 0 -1 -1 -1 
1046 4 3 29070 4 2005 0 -1 -1 -1 
1047 1 1 3750 -1 -1 1 45 2009 2 5 8 11 
1048 4 3 1860 9 2012 1 40 2012 1 4 7 10 
1049 1 1 370 7 2012 1 14 2011 1 4 7 10 
1050 4 3 13170 8 2014 1 9 2011 3 6 9 12 
1051 3 1 200 7 1998 1 1 2012 1 4 7 10 
1052 1 3 5080 -1 -1 1 31 2013 2 5 8 11 
1053 1 1 1710 7 2015 0 -1 -1 -1 
1054 1 3 13190 -1 -1 1 45 2013 2 5 8 11 
1055 3 1 1980 4 2009 0 -1 -1 -1 
1056 4 3 5350 -1 -1 1 40 2012 1 4 7 10 
1057 4 3 3230 11 2011 0 -1 -1 -1 
1058 1 3 180 -1 -1 1 35 2010 3 6 9 12 
1059 3 1 3380 4 2013 0 -1 -1 -1 
1060 1 3 3430 -1 -1 1 31 2013 2 5 8 11 
1061 4 3 8110 -1 -1 0 -1 -1 -1 
1062 4 1 190 9 2012 1 40 2012 2 5 8 11 
1063 1 3 6250 -1 -1 0 -1 -1 -1 
1064 1 3 420 -1 -1 0 -1 -1 -1 
1065 1 1 1290 -1 -1 1 35 2011 3 6 9 12 
1066 1 1 3350 -1 -1 0 -1 -1 -1 
1067 4 3 12020 7 2009 0 -1 -1 -1 
1068 4 3 5010 -1 -1 1 5 2013 1 4 7 10 
1069 1 3 18050 -1 -1 1 14 2011 1 4 7 10 
1070 3 3 400 10 2008 0 -1 -1 -1 
1071 1 1 820 3 2012 1 35 2012 3 6 9 12 
1072 1 3 5380 8 2015 1 5 2010 2 5 8 11 
1073 1 3 1710 -1 -1 1 44 2012 1 4 7 10 
1074 3 3 3330 10 2001 1 14 2011 1 4 7 10 
1075 1 3 1410 10 2013 0 -1 -1 -1 
1076 1 3 90 -1 -1 1 1 2013 1 4 7 10 
1077 1 1 3750 11 2001 1 35 2010 3 6 9 12 
1078 4 3 670 -1 -1 1 40 2011 1 4 7 10 
1079 1 1 16680 -1 -1 1 37 2009 1 4 7 10 
1080 1 1 2410 -1 -1 1 40 2014 1 4 7 10 
1081 2 1 400 3 2006 0 -1 -1 -1 
1082 3 1 440 4 2002 0 -1 -1 -1 
1083 4 3 11540 -1 -1 1 5 2013 2 5 8 11 
1084 1 1 190 -1 -1 1 13 2010 1 4 7 10 
1085 3 1 4030 2 2015 0 -1 -1 -1 
1086 1 1 180 11 2013 1 18 2011 2 5 8 11 
1087 4 3 2210 11 2011 0 -1 -1 -1 
1088 1 1 4300 3 2009 1 27 2013 1 4 7 10 
1089 4 1 5220 5 2009 0 -1 -1 -1 
1090 1 1 330 -1 -1 1 14 2011 1 4 7 10 
1091 1 3 9990 -1 -1 0 -1 -1 -1 
1092 1 1 300 7 2000 1 40 2014 1 4 7 10 
1093 3 3 10450 6 2009 0 -1 -1 -1 
1094 4 1 2380 3 2013 1 40 2014 1 4 7 10 
1095 1 1 690 6 2007 1 14 2011 1 4 7 10 
1096 1 3 1130 -1 -1 1 10 2014 3 6 9 12 
1097 2 2 720 3 2002 0 -1 -1 -1 
1098 1 1 1830 11 2004 0 -1 -1 -1 
1099 1 3 200 4 2013 1 14 2013 1 4 7 10 
1100 1 1 540 -1 -1 1 14 2011 1 4 7 10 
1101 4 3 4060 9 2012 0 -1 -1 -1 
1102 1 1 850 11 2012 1 40 2014 1 4 7 10 
1103 4 3 1340 10 2006 1 5 2013 2 5 8 11 
1104 4 1 260 2 2012 1 14 2011 1 4 7 10 
1105 3 3 330 11 2008 1 5 2013 2 5 8 11 
1106 1 3 5330 9 2011 1 31 2013 1 4 7 10 
1107 1 1 1400 6 2012 1 13 2010 1 4 7 10 
1108 1 1 540 4 2004 0 -1 -1 -1 
1109 3 1 3490 4 2011 1 22 2012 1 4 7 10 
1110 3 3 900 9 2010 0 -1 -1 -1 
1111 1 1 1900 6 2014 1 31 2013 1 4 7 10 
1112 3 3 1880 4 2006 0 -1 -1 -1 
1113 1 3 9260 -1 -1 0 -1 -1 -1 
1114 1 3 870 -1 -1 0 -1 -1 -1 
1115 4 3 5350 -1 -1 1 22 2012 3 6 9 12 
